0.0945037870114902
0.07263330199930351
0.08636313200986478
0.058053886008565314
0.0656917549931677
0.09158862399635836
0.08634437799628358
0.08263472400722094
0.07761177299835254
0.06867143099952955
0.08367366901075002
0.05752651199873071
0.09435921799740754
0.08820557600120082
0.07417664499371313
0.08902053900237661
0.07978318899404258
0.09204758200212382
0.0765917789976811
0.08599518499977421
0.08082973200362176
0.0872590289945947
0.07504971500020474
0.07678082100756001
0.07898003100126516
0.07351852899591904
0.09149900100601371
0.0855516840092605
0.08368055599567015
0.09474422500352375
0.08820419899711851
0.09178373399481643
0.07774860199424438
0.0799434159998782
0.07313932200486306
0.08411404000071343
0.08317425999848638
0.09522993399878033
0.06757988699246198
0.09857275399554055
0.058379563997732475
0.08628939300251659
0.09170254399941768
0.08879412199894432
0.0943415619985899
0.08748037500481587
0.08697801100788638
0.0768001969991019
0.08820981699682306
0.07771128900640178
0.07561880999128334
0.07790410899906419
0.06585789399105124
0.09313860499241855
0.10585455600812566
0.08600405599281657
0.096179939006106
0.06193050400179345
0.09049408999271691
0.0752222800074378
0.08434519000002183
0.08100182798807509
0.08742408800753765
0.06950807299290318
0.07571216800715774
0.08049765700707212
0.0895727960014483
0.08612802698917221
0.07524692900187802
0.08302183699561283
0.07829224999295548
0.0770897890033666
0.08755398199718911
0.06984119900153019
0.08693494100589305
0.09000168899365235
0.08366557299450506
0.10177849599858746
0.05457369600480888
0.0667595330014592
0.07781114100362174
0.09157451998908073
0.0874228139873594
0.09083114299573936
0.0902892059966689
0.07591137499548495
0.08431933700921945
0.1003819809993729
0.08635103699634783
0.0708471389953047
0.0836768310109619
0.07087206200230867
0.07292412700189743
0.09040980800637044
0.07914405899646226
0.06780434299435001
0.0797674039931735
0.09367135899083223
0.08791409499826841
0.08033570500265341
0.0839258189953398
0.08814740400703158
0.0814027880114736
0.08453325599839445
0.05994708600337617
0.075864744008868
0.07497437400161289
0.09702159500739072
0.06205248399055563
0.08442291899700649
0.083804980997229
0.0921762329962803
0.07191083100042306
0.06604523501300719
0.08767765799711924
0.07974487399042118
0.11118038100539707
0.08114123999257572
0.09334741400380153
0.07612458099902142
0.09311245998833328
0.09570251101104077
0.0697667350032134
0.10594706800475251
0.07969219800725114
0.07349545900069643
0.08195424600853585
0.08956560501246713
0.08770969600300305
0.08006405900232494
0.07383259700145572
0.09743819199502468
0.06454030099848751
0.10732746501162183
0.08773288900556508
0.08427935000509024
0.08443454600637779
0.07499209301022347
0.0737876189959934
0.07983824900293257
0.06008153200673405
0.08662054101296235
0.07566081298864447
0.0869273999996949
0.08387786099046934
0.08694216099684127
0.0811007900047116
0.09265141699870583
0.08624025700555649
0.08547174499835819
0.07318245100032073
0.09660302400880028
0.07494575501186773
0.09804443999018986
0.0833437179971952
0.0989227679965552
0.09033560901298188
0.09652763199119363
0.0870660369982943
0.09764453599927947
0.08075176399142947
0.08416827100154478
0.10010019100445788
0.07302526700368617
0.07620527999824844
0.08502940500329714
0.09351668700401206
0.08953381299215835
0.09543793600460049
0.07614025899965782
0.0716394799965201
0.08132414700230584
0.07755809801165015
0.08438864599156659
0.0532192909886362
0.07839391999004874
0.08600885000487324
0.08200435800245032
0.08005886299361009
0.10395929300284479
0.10023943599662744
0.07043986499775201
0.08701522300543729
0.08556988700001966
0.0897387900040485
0.08684274200641084
0.07601017299748491
0.07776884699705988
0.08571291799307801
0.08865381698706187
0.06853179901372641
0.08412538398988545
0.08178910599963274
0.07242563599720597
0.07687477100989781
0.07720195600995794
0.0796239199989941
0.0685695290012518
0.07730887600337155
0.09079889999702573
0.07445409399224445
0.08792546699987724
0.0841340540064266
0.05889703700086102
0.07664698299777228
0.08703088700713124
0.08605479000834748
0.08244347201252822
0.07883264499832876
0.07565330099896528
0.07689170500088949
0.08841556200059131
0.08713499399891589
0.07717584699275903
0.08629869499418419
0.09317892300896347
0.09505507799622137
0.07665420099510811
0.07948335800028872
0.06504109100205824
0.10293947599711828
0.08554241199453827
0.08887536700058263
0.09115263700368814
0.08940561600320507
0.07976630100165494
0.085430428996915
0.08664239199424628
0.08739233299274929
0.09567972998775076
0.07801134399778675
0.07278833400050644
0.07494040600431617
0.08354287600377575
0.0952569030050654
0.08598463899397757
0.09095153599628247
0.09474077800405212
0.07557532899954822
0.08992554701399058
0.0861593330046162
0.09826397198776249
0.08383870100078639
0.05920987299759872
0.08531678500003181
0.07406669600459281
0.06877337400510442
0.09458400400762912
0.08096798699989449
0.09022289700806141
0.08137348100717645
0.10235075700620655
0.07298276200890541
0.08654438001394738
0.06386781499895733
0.09004789500613697
0.08375461801188067
0.07266071399499197
0.08147992500744294
0.08906744699925184
0.08074618100363296
0.08262816698697861
0.08690808499522973
0.0877112610032782
0.0710547630005749
0.08380817000579555
0.07906481300597079
0.0904620130022522
0.06915610999567434
0.08493452600669116
0.07344609500432853
0.07376585199381225
0.08891233199392445
0.08318004400643986
0.09198823099723086
0.08015949300897773
0.06780979299219325
0.0728951430064626
0.08377702500729356
0.07835800699831452
0.08844244199281093
0.0767353400005959
0.08188734599389136
0.0844276389980223
0.08961697400081903
0.07184231901192106
0.08822942899132613
0.06883707801171113
0.07550713801174425
0.09303319900936913
0.0921110530034639
0.08060140599263832
0.07952216701232828
0.0828076269972371
0.08177741200779565
0.0865224019944435
0.09813167800894007
0.08032802400703076
0.10156609499244951
0.07793113200750668
0.07351018399640452
0.0785421869950369
0.0920515549951233
0.06972689600661397
0.09553712399792857
0.07443150399194565
0.08317293599247932
0.07255096599692479
0.07904088700888678
0.08313994799391367
0.08346117399923969
0.08016175401280634
0.08837821600900497
0.07953948300564662
0.07093103599618189
0.08879544500086922
0.05360237699642312
0.07674369298911188
0.0800951260025613
0.08477615300216712
0.06922568200388923
0.08916125800169539
0.06559359500533901
0.08128206500259694
0.07192881499940995
0.0919966969959205
0.08058758100378327
0.08805360700353049
0.08298059400112834
0.07820701200398616
0.08231855901249219
0.08893411701137666
0.08104632400500122
0.0796737209893763
0.10534506700059865
0.09148779400857165
0.08605949999764562
0.06717920699156821
0.09554599599505309
0.08429817399883177
0.09159413099405356
0.08517767400189769
0.092312271008268
0.0861894929985283
0.0813942110107746
0.08877161100099329
0.07468892500037327
0.10733457900641952
0.06557746700127609
0.08448238199343905
0.09886529500363395
0.08933302300283685
0.0918881059915293
0.06742864899570122
0.10051138501148671
0.0765670570108341
0.07601383799919859
0.0816458620101912
0.09625552099896595
0.06901405499957036
0.0761400519986637
0.08598902699304745
0.07543417099805083
0.08307061399682425
0.08098767999035772
0.07570970800588839
0.09478946999297477
0.08196759098791517
0.08741460599412676
0.07585917301184963
0.07656616500753444
0.10369413999433164
0.07751872899825685
0.07506204899982549
0.09504464999190532
0.07735538399720099
0.06341531999350991
0.09202185500180349
0.07631207999656908
0.08573721400171053
0.09797321699443273
0.08362343099724967
0.07497566999518313
0.07776752099744044
0.07322719099465758
0.057273079990409315
0.07387460699828807
0.0875669770030072
0.07787525199819356
0.08909930300433189
0.06703601400658954
0.08120202799909748
0.08235810800397303
0.07641406900074799
0.09124695499485824
0.07829090100130998
0.09224362199893221
0.0896573840000201
0.07689539999410044
0.08817785599967465
0.081505013993592
0.08638046101259533
0.08629814098821953
0.08054614100547042
0.0805071820068406
0.0702341720025288
0.10932133300229907
0.0654464909894159
0.08474064900656231
0.07702011401124764
0.0872380999935558
0.07352748099947348
0.09277283100527711
0.07190299300418701
0.08876255599898286
0.07996070900117047
0.08950355800334364
0.07312634799745865
0.07213409199903253
0.09988364900345914
0.06419658300001174
0.07900529900507536
0.07231165299890563
0.08145727599912789
0.06698648900783155
0.07896407399675809
0.07260449399473146
0.07484319500508718
0.06573645200114697
0.09338197400211357
0.07930566900176927
0.07472784799756482
0.061955181998200715
0.08281949900265317
0.07126764599524904
0.0785011139960261
0.07637470899499021
0.10576453499379568
0.08806493500014767
0.07411199499620125
0.08862613800738472
0.06533206600579433
0.09738584500155412
0.0871970910084201
0.06956831800926011
0.08114094400661997
0.07368639898777474
0.07503960900066886
0.06851769500644878
0.07741194700065535
0.07010346899915021
0.07430889499664772
0.07872130299801938
0.08437976401182823
0.07557882799301296
0.07940059900283813
0.08954888199514244
0.07979937200434506
0.09252854100486729
0.05938605600385927
0.06423038100183476
0.07562120200600475
0.08684045799600426
0.08993923199886922
0.08284982500481419
0.07679594999353867
0.07163827000476886
0.07513003400526941
0.08761624898761511
0.09306428499985486
0.08402177000243682
0.07510080099746119
0.06850014699739404
0.08296261599753052
0.08413391800422687
0.06703444301092532
0.07490322800003923
0.08221504499670118
0.08557440299773589
0.07821242899808567
0.07229701599862892
0.06974082300439477
0.07124963699607179
0.08203126199077815
0.09896445099730045
0.0748309659975348
0.07122960498963948
0.07081145900883712
0.07760310600860976
0.06856698599585798
0.0621897950040875
0.10020055899803992
0.0829658680013381
0.07918059699295554
0.06887094800185878
0.09811035699385684
0.08438624699192587
0.07529044098919258
0.08294635699712671
0.08138641899859067
0.09548396700120065
0.07585002099222038
0.0947844000038458
0.08762060799926985
0.07427035699947737
0.07289229500747751
0.07381916299345903
0.07147844700375572
0.10260313599428628
0.07869292999384925
0.06161049999354873
0.07654309300414752
0.07323394599370658
0.06727915500232484
0.0867467069911072
0.08399080899835099
0.08919036599399988
0.08776337100425735
0.08267278199491557
0.07673638399865013
0.08998853000230156
0.07807316500111483
0.07631839200621471
0.07429087100899778
0.07283287799509708
0.08822337099991273
0.09208849300921429
0.08776668101199903
0.07912090000172611
0.0667272239952581
0.08511982100026216
0.08917060200474225
0.07939796899154317
0.0921824219985865
0.06760390099952929
0.08080671899369918
0.07028626000101212
0.07171982899308205
0.09386838300270028
0.092663712988724
0.08749734799494036
0.10505295998882502
0.086288582009729
0.08068759500747547
0.07120658400526736
0.0819220370030962
0.07435944701137487
0.06452687201090157
0.09676186900469474
0.08959075399616268
0.08727866200206336
0.08855610899627209
0.0948593180073658
0.08583272199030034
0.08844139899883885
0.08594213900505565
0.06077260500751436
0.07624626999313477
0.06926177800050937
0.07265281799482182
0.07047846401110291
0.08473911200417206
0.09048419899772853
0.0674075129936682
0.1013616199925309
0.0819071550067747
0.08198042199364863
0.07606906500586774
0.07374625900411047
0.07882476199301891
0.06464545900234953
0.07049892700160854
0.08707317100197542
0.08432772599917371
0.08245563799573574
0.08099360601045191
0.06919557400397025
0.07907499501015991
0.09277755398943555
0.07682951400056481
0.06736689299577847
0.07369717799883801
0.08911061199614778
0.08760789099324029
0.08482402400113642
0.08991245499055367
0.07695814600447193
0.07519807000062428
0.08449275000020862
0.09220861800713465
0.09512335600447841
0.08850735198939219
0.09095782099757344
0.09316688599938061
0.09092059200338554
0.07175012900552247
0.07867321900266688
0.08864651700423565
0.09223065299738664
0.07836000200768467
0.07580794200475793
0.06762639300723094
0.08889127800648566
0.07850380400486756
0.07616059700376354
0.0723896359995706
0.08782897698984016
0.09377147299528588
0.06707784300670028
0.08148149200133048
0.0843717330135405
0.07517650800582487
0.07494014299300034
0.07579565299965907
0.064081061995239
0.08825163199799135
0.07349668399547227
0.0734594189998461
0.07775952099473216
0.07998533900536131
0.09872111200820655
0.07518913099193014
0.09494612000708003
0.09016536400304176
0.07315660899621435
0.08478959299100097
0.08701500500319526
0.07546247799473349
0.10608806100208312
0.08222781900258269
0.07289231498725712
0.09800361399538815
0.09796975899371319
0.08075087500037625
0.08656512899324298
0.09987500800343696
0.08214608200069051
0.08905516899540089
0.07108418000279926
0.08674382499884814
0.07014609700127039
0.09992939099902287
0.08220708699082024
0.08829644200159237
0.09204647201113403
0.09972381399711594
0.09609120299865026
0.08527897800377104
0.07795448500837665
0.08397760200023185
0.060908929008292034
0.08509053800662514
0.08223811599600594
0.0764625619922299
0.06242412800202146
0.06698272700305097
0.07745353999780491
0.06940809800289571
0.09720437999931164
0.09161216999928001
0.07826691400259733
0.08412145399779547
0.10470447099942248
0.07546905300114304
0.08140255400212482
0.08190845900389832
0.07612543000141159
0.09279801599041093
0.07641327699820977
0.09166928500053473
0.08440705799148418
0.06896150400280021
0.06804622198978905
0.08749725099187344
0.0931853000074625
0.08827581499645021
0.05730088599375449
0.0752438310009893
0.08564231199852657
0.07925591801176779
0.06478716700803488
0.07181281500379555
0.09767119199386798
0.0964064639993012
0.08223856100812554
0.09324591000040527
0.09596180300286505
0.06422651499451604
0.0769185309909517
0.07613892899826169
0.07458207399758976
0.08017179201124236
0.06416606101265643
0.09018592399661429
0.07916232199931983
0.08589919700170867
0.08123001801141072
0.07370648300275207
0.07808070100145414
0.07845736300805584
0.09496385499369353
0.08462030999362469
0.08133022498805076
0.07778747699921951
0.08160392299760133
0.08922665899444837
0.09596960799535736
0.10720810700149741
0.08151325699873269
0.07729578600265086
0.08709928899770603
0.09326320698892232
0.09216632100287825
0.08189714000036474
0.07204357800947037
0.09288798600027803
0.06763843601220287
0.06533268099883571
0.09615974700136576
0.06463770600385033
0.07393011599197052
0.07393505900108721
0.07377930999791715
0.061904874004540034
0.06795596999290865
0.06973776400263887
0.0800142169900937
0.09187079800176434
0.09170053699926939
0.08358684700215235
0.06750826600182336
0.07858455600216985
0.0801898869976867
0.0756360230006976
0.08228519599651918
0.08167325099930167
0.09700363900628872
0.07477642699086573
0.09374647699587513
0.09217170999909285
0.059250576989143156
0.08721108100144193
0.0952246240049135
0.09011293300136458
0.08418291300768033
0.08825303900812287
0.08269959299650509
0.07174110400956124
0.0880282510042889
0.08668711299833376
0.07791668199934065
0.08675742699415423
0.06971469799464103
0.09320070200192276
0.08362088800640777
0.07207014699815772
0.08348593499977142
0.07953784200071823
0.08410686899151187
0.06615308699838351
0.0867884059989592
0.10033747399575077
0.09271949999674689
0.09039063600357622
0.07926304200373124
0.10039317699556705
0.08596628600207623
0.08365040901117027
0.07290686199849006
0.09139994900033344
0.07757312900503166
0.09090456199191976
0.06879093499446753
0.08398219299851917
0.09416699300345499
0.08964781599934213
0.08281150298716966
0.06428086700907443
0.06953150600020308
0.08313177099626046
0.08299364500271622
0.06725371799257118
0.06940104799286928
0.07987529099045787
0.07745940099994186
0.07735151100496296
0.08142021199455485
0.09349826700054109
0.0755481780070113
0.07343175999994855
0.08146803699492011
0.08617108500038739
0.08135248599865008
0.08768947899807245
0.09239381900988519
0.09388456100714393
0.07449262199224904
0.07977340499928687
0.07677636400330812
0.08330021098663565
0.087378431999241
0.07272374100284651
0.07075768800859805
0.09334660599415656
0.0798308710072888
0.08041947399033234
0.08429130399599671
0.08418045099824667
0.07653106399811804
0.09005355500266887
0.07713747200614307
0.09202951099723577
0.0793842900020536
0.08678431100270245
0.0716788730060216
0.07709519899799488
0.09031986200716347
0.10541772500437219
0.08313551399623975
0.09739314900070895
0.09892718499759212
0.08624604300712235
0.09382762300083414
0.0856619789992692
0.08389969999552704
0.09001545100181829
0.093426580002415
0.07435971299128141
0.07267171100829728
0.07435287600674201
0.10000271500030067
0.0814382919925265
0.07221564899373334
0.06838103399786633
0.07917168700078037
0.09534099099982996
0.0848006849992089
0.07052039600966964
0.08792140299919993
0.07641099199827295
0.07688568200683221
0.09330302599119022
0.08888098200259265
0.08083973200700711
0.10476488400308881
0.08276191900949925
0.0701476999965962
0.08883596801024396
0.07315808099519927
0.09619023300183471
0.0828276180109242
0.07591913899523206
0.07754158700117841
0.08696202600549441
0.07723890600027516
0.07553423599165399
0.080056273000082
0.0827827399916714
0.09277710999595001
0.08740286399552133
0.08863988899975084
0.09983292198739946
0.08673770300811157
0.06967810398782603
0.08251667799777351
0.07978958000603598
0.06979383899306413
0.08844852600304876
0.0762920630077133
0.06256442799349315
0.09755603699886706
0.08587494899984449
0.08069140701263677
0.07745502699981444
0.07130295698880218
0.08084549699560739
0.08324314998753835
0.07194598500791471
0.07563878600194585
0.07541299199510831
0.08945475099608302
0.08476098399842158
0.08241200400516391
0.0738550270034466
0.0699758780101547
0.09447939600795507
0.0929990330041619
0.060413360988604836
0.08515301199804526
0.09399475398822688
0.07897794699238148
0.06484678300330415
0.08274627299397253
0.08105957201041747
0.07414464199973736
0.08628737599065062
0.07865605199185666
0.08381739100150298
0.09123014399665408
0.07430952400318347
0.08599664400389884
0.0957749539957149
0.06853283199598081
0.09678364999126643
0.09399641300842632
0.08787840401055291
0.10444175700831693
0.07998513599159196
0.07338900200556964
0.07713857399357948
0.07979957100178581
0.08086130500305444
0.0797244290006347
0.09936359598941635
0.0823123209993355
0.07596021700010169
0.09791727100673597
0.0721621320117265
0.08983022400934715
0.06596330700267572
0.08549082899116911
0.08447463900665753
0.09344883900485002
0.0832378439954482
0.08179589299834333
0.08288139398791827
0.07919374399352819
0.10507726798823569
0.06283021300623659
0.08351279099588282
0.0859648290061159
0.09747864800738171
0.09081151000282262
0.06901016100891866
0.06904120100080036
0.07609596000111196
0.08304280998709146
0.07531157199991867
0.08243926501017995
0.08973682500072755
0.058848476997809485
0.08875283299130388
0.07771937199868262
0.08598081700620241
0.08507527101028245
0.08864913700381294
0.07754063399625011
0.08868250800878741
0.07758395299606491
0.0952553520037327
0.09893913699488621
0.10309954299009405
0.07380962900060695
0.06913557399821002
0.07703306000621524
0.09016257399343885
0.08261058198695537
0.07372822098841425
0.07257512099749874
0.0832605239993427
0.08238035799877252
0.08897457800048869
0.08426735000102781
0.07987554700230248
0.07004589500138536
0.08461108199844602
0.08599788699939381
0.07148592799785547
0.08305555699917022
0.09053668999695219
0.057012446006410755
0.061139546989579685
0.08708979400398675
0.06886506899900269
0.08196224299899768
0.0802056250104215
0.0920736800035229
0.09919480800454039
0.06990389199927449
0.06913054898905102
0.07946858799550682
0.06491415998607408
0.08053960600227583
0.08765665700775571
0.08298280798771884
0.08003248099703342
0.08199274400249124
0.09539413299353328
0.08181928099656943
0.09699150099186227
0.07097744899510872
0.0876170639967313
0.08491797000169754
0.08419997000601143
0.08833460899768397
0.07523458301147912
0.0879260210058419
0.08327669599384535
0.07188819099974353
0.0898509670078056
0.09259828100039158
0.0740765099908458
0.052071899990551174
0.07415219899849035
0.09129601200402249
0.09326577400497627
0.08401710199541412
0.07905614598712418
0.08787141100037843
0.0951194730005227
0.07137286200304516
0.07478455199452583
0.08138971700100228
0.0871933289890876
0.07893810298992321
0.076087766996352
0.10261037999589462
0.07615028500731569
0.08235945500200614
0.07894094199582469
0.09259668001323007
0.07105159900675062
0.08947055599128362
0.07611796401033644
0.07325909400242381
0.06331738099106587
0.07656288999714889
0.08798047401069198
0.07186719099991024
0.07735369299189188
0.08466735099500511
0.0775436840049224
0.08598496700869873
0.08220339400577359
0.08329249999951571
0.08813565000309609
0.07638407799822744
0.08111348099191673
0.08278635700116865
0.07992627199564595
0.09585699999297503
0.0628600979980547
0.09999589499784634
0.08100001999991946
0.07183410901052412
0.0760728309978731
0.09406262100674212
0.08539402000315022
0.08439553900097962
0.07330017701315228
0.07523234399559442
0.08579113899031654
0.08202570599678438
0.06460354800219648
0.08264427298854571
0.07092507899506018
0.08644710200314876
0.06445624199113809
0.08291540600475855
0.09418745200673584
0.09039019201009069
0.07634119999420363
0.09342772299714852
0.09174549400631804
0.06847016600659117
0.08594060500035994
0.07552810400375165
0.06566510800621472
0.06896767199214082
0.0773340269952314
0.07595195299654733
0.08822779900219757
0.05435590799606871
0.07051077499636449
0.07399638899369165
0.08090080399415456
0.0918473380006617
0.09364249299687799
0.07608055000309832
0.07945477799512446
0.09624590800376609
0.06186729299952276
0.08069715701276436
0.08235177700407803
0.0776963579992298
0.07426646900421474
0.08876727698952891
0.08292934000201058
0.0692132859985577
0.10072975700313691
0.07551895099459216
0.08380614800262265
0.09204481799679343
0.07164306900813244
0.08672837800986599
0.07947647300898097
0.08459816699905787
0.07604256800550502
0.0786759600014193
0.0723756660008803
