0.0034155189932789654
0.0014583669981220737
0.001368019002256915
0.0012544950004667044
0.0012234059977345169
0.0011827880080090836
0.0010537089983699843
0.0009458279964746907
0.0008643920009490103
0.0008415769989369437
0.0007740360015304759
0.0007105590048013255
0.0007103249954525381
0.0007214539946289733
0.0007231519994093105
0.0007452779973391443
0.0007440490007866174
0.000768005003919825
0.000780688991653733
0.0007770800002617761
0.0007627960003446788
0.0007421339978463948
0.0007492519944207743
0.0007566490094177425
0.0007425719959428534
0.0007205639994936064
0.0007119720103219151
0.0007465519884135574
0.0007294309907592833
0.0007229949987959117
0.0006990049878368154
0.0006921919994056225
0.0006883430032758042
0.010989485992467962
0.04009103600401431
0.03986095599248074
0.039929702994413674
0.03989451199595351
0.04000413299945649
0.03982268201070838
0.040022954999585636
0.03985135399852879
0.039953836996573955
0.04005938699992839
0.039647851008339785
0.039911786996526644
0.03995496300922241
0.04004719600197859
0.039923969001392834
0.03980203300307039
0.039903676995891146
0.03993318500579335
0.03998604700609576
0.03986206899571698
0.0399062810029136
0.03991424299601931
0.03990743600297719
0.0399110480066156
0.04007239200291224
0.039802621002309024
0.03987238398985937
0.03991538900299929
0.03991684300126508
0.03994336200412363
0.03989364398876205
0.03992072099936195
0.03990794000856113
0.03994622400205117
0.04014424199704081
0.03968743100995198
0.039940870003192686
0.040017993000219576
0.039895041001727805
0.03989307300071232
0.03984836599556729
0.03993577999062836
0.0398597330058692
0.03993154800264165
0.04001374299696181
0.03984956300701015
0.03993511300359387
0.039934145999723114
0.03983802499715239
0.039881899996544234
0.03992332800407894
0.040020558997639455
0.03997543500736356
0.0398693360039033
0.03978599500260316
0.04006434300390538
0.03976576600689441
0.04007808200549334
0.03982641900074668
0.04018043199903332
0.03961271600564942
0.04001631301071029
0.03992488200310618
0.039906631005578674
0.03984931600280106
0.03997920399706345
0.039905867000925355
0.039822000995627604
0.040001828005188145
0.039935342996614054
0.03984010999556631
0.039886395999928936
0.04000163001182955
0.03983443899778649
0.03990995899948757
0.03999520301294979
0.03993055499449838
0.03991247899830341
0.03991082400898449
0.03992713100160472
0.03991655200661626
0.03991976000543218
0.03990711900405586
0.039866955994511954
0.0402131989976624
0.03970095299882814
0.03993350500240922
0.039923734992044047
0.039874703012173995
0.03993686300236732
0.0399452739948174
0.039910770996357314
0.03982519499550108
0.03999621399270836
0.03991927499009762
0.03983119899930898
0.039913114000228234
0.03992329399625305
0.03990828299720306
0.039995886996621266
0.03984222399594728
0.040002897003432736
0.03992258200014476
0.039819073004764505
0.03998423900338821
0.03984061800292693
0.039915539004141465
0.03993875400919933
0.03998663900711108
0.04016035499807913
0.039682018003077246
0.039915482004289515
0.03994964399316814
0.039901512005599216
0.0398857349937316
0.03991710901027545
0.03991438999946695
0.039940009999554604
0.03988851599569898
0.03991531301289797
0.03994145400065463
0.03989210000145249
0.03992506500799209
0.039930793005623855
0.07344732699857559
0.03989160199125763
0.039931998995598406
0.039967539996723644
0.0398444960010238
0.039991116005694494
0.0399004060018342
0.03992059799202252
0.03989244900003541
0.03990488400449976
0.039970245998119935
0.03993240300042089
0.039884101002826355
0.039941119990544394
0.03992002599989064
0.03989082599582616
0.03994318100740202
0.03982478399120737
0.03988435499195475
0.040007916002650745
0.03992247900168877
0.039965490999748
0.03980750299524516
0.04000290099065751
0.03985229501267895
0.03996445599477738
0.03989799499686342
0.039871357002994046
0.03992959899187554
0.039949212994542904
0.039868082996690646
0.040001884000957943
0.03983334700751584
0.03993795700080227
0.03994779600179754
0.039912184001877904
0.03988844499690458
0.0399618189985631
0.039928102007252164
0.0399064639932476
0.03988059899711516
0.0399531860020943
0.0399650780018419
0.03981602200656198
0.039963711009477265
0.03989294600614812
0.03989601299690548
0.039900784991914406
0.039924785000039265
0.03994309500558302
0.03992224199464545
0.03991118900012225
0.03989930800162256
0.03996298200218007
0.03991326400137041
0.039857515002950095
0.03992606699466705
0.0399186740105506
0.039930647995788604
0.039939331996720284
0.03986289400199894
0.03992663900135085
0.039918538997881114
0.03992698300862685
0.039907420010422356
0.03989514800196048
0.040001461005886085
0.03984562400728464
0.039932864005095325
0.03991689599934034
0.0398997479933314
0.039970022000488825
0.03980294599023182
0.039946235992829315
0.03994678099115845
0.03986080900358502
0.03984668200428132
0.040041380998445675
0.03992851600924041
0.03987863899965305
0.039933929991093464
0.03995460900478065
0.03988008100714069
0.03991958200640511
0.0398950969974976
0.03991251499974169
0.03993838600581512
0.03996540099615231
0.03988140099681914
0.04000626900233328
0.03984807799861301
0.03995898300490808
0.03982516800169833
0.03993287999765016
0.03994186500494834
0.03990113499457948
0.0398960260063177
0.03991092200158164
0.03994410099403467
0.03993459101184271
0.03988363000098616
0.03993836999870837
0.039884556012111716
0.039904149001813494
0.03992980299517512
0.039934507993166335
0.03989110099792015
0.03990241100837011
0.04022562800673768
0.039702606009086594
0.03983650800364558
0.039905362005811185
0.03994899999815971
0.03988273401046172
0.039948339996044524
0.0398494630062487
0.04007565700158011
0.03990012600843329
0.03979801399691496
0.039927295001689345
0.039894004992675036
0.039696521998848766
0.03991194799891673
0.03997243799676653
0.03987802000483498
0.03987409399996977
0.03997914100182243
0.039857168012531474
0.03998247800336685
0.03984218099503778
0.03989841099246405
0.03991909399337601
0.03992899200238753
0.03999561400269158
0.03992444300092757
0.039904830991872586
0.03988336300244555
0.039918527007102966
0.039907814003527164
0.039963827992323786
0.03982198399899062
0.04004598798928782
0.03992726400610991
0.039914594002766535
0.03979271800199058
0.03992534200369846
0.03994188900105655
0.039848051994340494
0.039961433998541906
0.03990884999802802
0.039905527999508195
0.03993093299504835
0.039901728989207186
0.039911717001814395
0.039916131005156785
0.039882576995296404
0.039917695001349784
0.039956009000889026
0.03989768300380092
0.03990837300079875
0.03997348799020983
0.039896376998513006
0.039925853998283856
0.03991963900625706
0.03987727200728841
0.03993323500617407
0.03994799898646306
0.03991777199553326
0.039859573007561266
0.039923502001329325
0.03992227900016587
0.03992558899335563
0.03993888800323475
0.039915872999699786
0.03980296099325642
0.03999393599224277
0.03992866699991282
0.039907404003315605
0.039878518000477925
0.03997709500254132
0.0399151249876013
0.03992362899589352
0.039855648996308446
0.039922420008224435
0.039931039995281026
0.03991718699398916
0.039887957987957634
0.03992499799642246
0.03992293401097413
0.03993101499509066
0.03986007400089875
0.04006887399009429
0.03988302899233531
0.03983029299706686
0.039930223996634595
0.03988074000517372
0.039954414998646826
0.03978327500226442
0.03997051999613177
0.03996048700355459
0.03993604700372089
0.03988616600690875
0.03986735800572205
0.0399795039993478
0.03991745399252977
0.03988524399755988
0.039887613005703315
0.039954127991222776
0.039935545006301254
0.03996955099864863
0.03986511399853043
0.03987872200377751
0.03984646499156952
0.03999724698951468
0.03991868399316445
0.03996130800805986
0.04000351601280272
0.03979271400021389
0.03985866099537816
0.03997443200205453
0.039859183991211466
0.03992985701188445
0.03991569299250841
0.03991133900126442
0.03992854000534862
0.039920388007885776
0.03990659900591709
0.039995913990424015
0.03989901598833967
0.03980352099461015
0.0400678520090878
0.039623567994567566
0.039929785998538136
0.03992017899872735
0.03984140000829939
0.03998288299771957
0.03994296399469022
0.039911334999487735
0.03990210399206262
0.039940770002431236
0.039843107006163336
0.040071904004435055
0.03982150500814896
0.03994045600120444
0.03985175798879936
0.03991469100583345
0.039919635994010605
0.039912705004098825
0.03991660199244507
0.03993273699597921
0.039897523005492985
0.03991551599756349
0.039916788999107666
0.039904733988805674
0.0399279589910293
0.03991136001423001
0.03990993999468628
0.03993179800454527
0.03994293700088747
0.03989748300227802
0.03988392700557597
0.03992486199422274
0.039891895998152904
0.03989585299859755
0.03988581600424368
0.03989218399510719
0.03995369600306731
0.0398367150046397
0.039893302993732505
0.03989346598973498
0.03991034399950877
0.03980107700044755
0.0399807580106426
0.039860261997091584
0.0399234950018581
0.0399067219987046
0.03988765200483613
0.0398880129941972
0.03994310900452547
0.039835750008933246
0.039975784995476715
0.0398798340029316
0.03990903700469062
0.03986879800504539
0.039828492008382455
0.04003198600548785
0.03986446101043839
0.03988987099728547
0.039885108009912074
0.03988506700261496
0.03990170299948659
0.039970035999431275
0.0398416800017003
0.03987809100362938
0.03988093099906109
0.03988595199189149
0.03989746900333557
0.03994299500482157
0.03987969399895519
0.03990571299800649
0.03986851699301042
0.03992363299767021
0.04001019400311634
0.03977027100336272
0.03989692500908859
0.0398925519984914
0.03990036400500685
0.03988792399468366
0.03991102799773216
0.03990221400454175
0.03989990500849672
0.03988827498687897
0.0398942019965034
0.03990383200289216
0.039893072011182085
0.03987135399074759
0.03997984899615403
0.039849155000410974
0.039875466987723485
0.03990990899910685
0.03997829899890348
0.03984606699668802
0.039884452999103814
0.039872973997262307
0.039873993999208324
0.03994895899086259
0.039900835006847046
0.03988085800665431
0.039953879997483455
0.03977438699803315
0.04007078199356329
0.039879731004475616
0.03991253201093059
0.039865605998784304
0.0399112890008837
0.03989312899648212
0.03988416799984407
0.03990554298798088
0.039898475995869376
0.03987987799337134
0.039900176008814014
0.04013414900691714
0.03969332799897529
0.03987621499982197
0.03995887500059325
0.03985635899880435
0.039882686993223615
0.03992142700008117
0.03987564500130247
0.03987858799519017
0.03991069500625599
0.03989054900011979
0.0399014430004172
0.03987768599472474
0.039900146002764814
0.03989796400128398
0.039876778013422154
0.03990745400369633
0.03990406398952473
0.039903623997815885
0.03982672099664342
0.03987718900316395
0.03995372400095221
0.03999267901235726
0.039883905003080145
0.039906710997456685
0.040019288993789814
0.03980826699989848
0.03990693799278233
0.0399313340021763
0.03989128500688821
0.039917567002703436
0.039914089007652365
0.039948637000634335
0.03988599900912959
0.03993266000179574
0.03992582700448111
0.03994397399947047
0.039904014993226156
0.039915567002026364
0.03992644899699371
0.03990717000851873
0.03987778599548619
0.03990799000894185
0.039931213003001176
0.03993605499272235
0.03990873599832412
0.039912684995215386
0.03992610800196417
0.039912395004648715
0.03992455100524239
0.040032026008702815
0.0397933659987757
0.03991566000331659
0.039924123004311696
0.039967413002159446
0.03989762399578467
0.0399064250086667
0.03979705799429212
0.040031046999501996
0.039927691002958454
0.039854033006122336
0.039703489004750736
0.03993047100084368
0.03992328100139275
0.03988155799743254
0.03988018499512691
0.03991332800069358
0.03991631499957293
0.039952496998012066
0.03993313499086071
0.03990015300223604
0.03991577999840956
0.03992448300414253
0.03991517900431063
0.03991233500710223
0.040068202011752874
0.03976117201091256
0.039919030998134986
0.03991606101044454
0.03991775499889627
0.039921667994349264
0.03998072200920433
0.03985260300396476
0.0399278319964651
0.039910658000735566
0.03992530899995472
0.039913447995786555
0.039909358994918875
0.03990899400378112
0.03992671899322886
0.03991731999849435
0.03991389600560069
0.03993310699297581
0.03988960701099131
0.03993267999612726
0.03991270301048644
0.039925104996655136
0.0399235079967184
0.03988818200014066
0.03991663800843526
0.04006465099519119
0.03978128400922287
0.03989259801164735
0.03992256600758992
0.03991086500172969
0.03991803499229718
0.0400324410002213
0.039793980002286844
0.039921540999785066
0.03992107600788586
0.03991602400492411
0.03990331800014246
0.03995247100829147
0.03988215001299977
0.04001642199000344
0.039821238999138586
0.039942261995747685
0.039890029991511256
0.03992666199337691
0.03995454599498771
0.03989334999641869
0.03993123599502724
0.04000565300520975
0.03988127699994948
0.03983423901081551
0.04001593400607817
0.03990043299563695
0.039908571998239495
0.039874270994914696
0.039914148990646936
0.03992089499661233
0.03988765900430735
0.039992032005102374
0.039929790000314824
0.039935733992024325
0.03990564600098878
0.03983362099097576
0.039999485001317225
0.039887273000204004
0.03993039100896567
0.03992203899542801
0.0399254160001874
0.03994904698629398
0.039916562993312255
0.03992475400445983
0.03984896700421814
0.03994084999430925
0.03991544600285124
0.03988780399959069
0.03987403499195352
0.04005758400307968
0.039811451992136426
0.03991241499898024
0.039894984001875855
0.03993372900004033
0.0399265219894005
0.039960586989764124
0.03985615099372808
0.0398738299991237
0.03991856999346055
0.03997910000907723
0.03995899899746291
0.039812504008295946
0.0399656780064106
0.039950878999661654
0.03986379499838222
0.03993311799422372
0.039974225001060404
0.03986253699986264
0.039914189008413814
0.03994668599625584
0.039916420995723456
0.03990006599633489
0.03991794500325341
0.039905386001919396
0.03996711199579295
0.0398701709927991
0.03993376599100884
0.039858930991613306
0.03993941300723236
0.039915072004077956
0.03989429499779362
0.039879831005237065
0.04001859399431851
0.03993132300092839
0.039862420002464205
0.03990677899855655
0.03994956299720798
0.03991646500071511
0.03993810300016776
0.0399116330081597
0.03990837899618782
0.0399358559952816
0.039916620997246355
0.03980727899761405
0.040002374997129664
0.03990713400708046
0.03995684000256006
0.039919599003042094
0.03984168700117152
0.03998055100964848
0.03987607799354009
0.03991869000310544
0.03988032900088001
0.039943067997228354
0.039932351995958015
0.039904757009935565
0.03991205799684394
0.03997531899949536
0.03985602399916388
0.03992472399841063
0.040025296999374405
0.0398598299943842
0.03976104200410191
0.03988060899428092
0.03989792399806902
0.039937925001140684
0.03989203300443478
0.03992298399680294
0.03992698300862685
0.03992411900253501
0.040005672999541275
0.03990783399785869
0.03983917899313383
0.039937969006132334
0.04003921599360183
0.03974571300204843
0.04002841800684109
0.039868681007646956
0.039947303986991756
0.039910656996653415
0.039899972995044664
0.03990958200301975
0.039981513007660396
0.039846185012720525
0.039906371996039525
0.039949041994987056
0.03990697501285467
0.0399111449951306
0.03993310499936342
0.03989735599316191
0.03991247899830341
0.03993654900114052
0.0398975770076504
0.039963169998372905
0.03988377698988188
0.03990631700435188
0.03992914799891878
0.03992014701361768
0.03992903800099157
0.0399393730040174
0.039879296004073694
0.03995059701264836
0.039882463999674655
0.03992957901209593
0.03991171000234317
0.03991536900866777
0.03991645100177266
0.03995269398728851
0.03990755400445778
0.03993436699965969
0.03989519100286998
0.03991276299348101
0.03988758899504319
0.03990840799815487
0.03992427999037318
0.03992538299644366
0.03994260999024846
0.0399097960034851
0.03991741800564341
0.039909316998091526
0.0399238090030849
0.03990799598977901
0.03994647299987264
0.039883732999442145
0.04002229699108284
0.039808240995625965
0.039912876003654674
0.03991838298679795
0.03991934499936178
0.03991318300541025
0.039896232992759906
0.03991226099606138
0.0399874569993699
0.03986114299914334
0.03995637698972132
0.03989559200999793
0.03990969600272365
0.03992341899720486
0.03993285099568311
0.039921470000990666
0.039888226994662546
0.03990674800297711
0.03992756499792449
0.03992150700651109
0.039900646996102296
0.03991440401296131
0.03998255899932701
0.03993338200962171
0.03979713100125082
0.039926855999510735
0.03990247400361113
0.039894794012070633
0.039914500011946075
0.03993060899665579
0.039985796000109985
0.03994241000327747
0.039859009004430845
0.03988582799502183
0.03990730700024869
0.040010829994571395
0.03984391000994947
0.03999341400049161
0.039846265004598536
0.039930254002683796
0.0399252460047137
0.039874689988209866
0.039928436002810486
0.03993770600936841
0.03991912098717876
0.03989558600005694
0.039933959997142665
0.03993850699043833
0.039846711995778605
0.03993531000742223
0.04003638699941803
0.03979824799171183
0.039908204998937435
0.039903725002659485
0.039928318990860134
0.03992132699931972
0.03990725000039674
0.039913557993713766
0.03990250499919057
0.039983723996556364
0.039893731009215117
0.03992335499788169
0.03991810900333803
0.03988098699483089
0.03996047200052999
0.03991650100215338
0.03990423900540918
0.03972449999128003
0.04002379300072789
0.03963298100279644
0.03994332600268535
0.03987831700942479
0.03993446099048015
0.03991066399612464
0.0399091809958918
0.039945126001839526
0.03987891599535942
0.039915048007969745
0.03990937699563801
0.03993705399625469
0.03990478700143285
0.03990217100363225
0.039927503996295854
0.0399418449960649
0.03987729499931447
0.03993762799655087
0.03993602500122506
0.03981685401231516
0.039963100003660657
0.039893513996503316
0.039925593009684235
0.03988247099914588
0.03992637700866908
0.03991368100105319
0.03998709599545691
0.03995065300841816
0.039919061004184186
0.03989047599316109
0.03992447099881247
0.03989405800530221
0.03995513299014419
0.03991555600077845
0.0399024150101468
0.0399511339928722
0.03994153100939002
0.03991299000335857
0.03988046199083328
0.039944336996995844
0.039934405009262264
0.039830058987718076
0.039931781007908285
0.039875217000371777
0.03993649300537072
0.039921657007653266
0.03991568599303719
0.03985314800229389
0.03991939499974251
0.0399681800045073
0.03992091199324932
0.03989337300299667
0.039941588998772204
0.0399138619977748
0.03993577700748574
0.03988388100697193
0.03996972199820448
0.03991723099898081
0.03992057198775001
0.0398817980021704
0.03993692000221927
0.03988746499817353
0.03987875299935695
0.039924396987771615
0.03995591899729334
0.039895987007184885
0.03988916700473055
0.039937527995789424
0.03990789799718186
0.03995874799147714
0.039854126996942796
0.0735616489982931
0.039897470007417724
0.03995564501383342
0.039893958004540764
0.0399191710021114
0.039898693008581176
0.0399294259987073
0.039926020996063016
0.0399030800035689
0.03991572299855761
0.03990933200111613
0.03991193399997428
0.039921523988596164
0.03991245799988974
0.03991686599329114
0.039915127999847755
0.03991205699276179
0.03987283699098043
0.03994037500524428
0.03989643701061141
0.03991940499690827
0.03993862500647083
0.03991818199574482
0.039914009990752675
0.03991727699758485
0.03991415900236461
0.0399085460085189
0.03996424899378326
0.0399065499950666
0.039912041000206955
0.039917891001095995
0.03989639399514999
0.03996111499145627
0.03989957099838648
0.039909762010211125
0.03990516500198282
0.03992154299339745
0.03991520901035983
0.039913692002301104
0.03992401600407902
0.03991210801177658
0.039924994998727925
0.039910366002004594
0.03991115899407305
0.03991726000094786
0.03991510400373954
0.03992565399676096
0.03989502100739628
0.03991919099644292
0.03987688399502076
0.03993190100300126
0.03993184398859739
0.03995692799799144
0.03992338798707351
0.03987637699174229
0.03992135600128677
0.03992869099602103
0.03992235600890126
0.03993817701120861
0.03986435499973595
0.039920507988426834
0.03990847599925473
0.03992516899597831
0.03992302100232337
0.03991448700253386
0.03987611801130697
0.039950892998604104
0.0398660319915507
0.03998190299898852
0.03989852199447341
0.03991467600280885
0.039917581001645885
0.039909489001729526
0.039851466004620306
0.03996207000454888
0.03990755999984685
0.03989739601092879
0.03987672099901829
0.040005586997722276
0.03989964500942733
0.03992236299382057
0.03992021799786016
0.03991125199536327
0.039942743998835795
0.039883400007965975
0.03990678599802777
0.03992154001025483
0.03992328199092299
0.03992172400467098
0.03992847999325022
0.03987402000348084
0.039936922999913804
0.039908008999191225
0.03993020699999761
0.039910192994284444
0.03991227500955574
0.03991808000137098
0.039930280996486545
0.03991846600547433
0.03989922000619117
0.03990977900684811
0.039924980999785475
0.039947792000020854
0.03992659199866466
0.03988747599942144
0.039872677996754646
0.03997747600078583
0.03990046000399161
0.03993143400293775
0.03985368899884634
0.03996007599926088
0.03992222899978515
0.03992201099754311
0.03991946099267807
0.03992084199853707
0.03990533899923321
0.03986089301179163
0.039898294999147765
0.039976403990294784
0.03990605000581127
0.039891970009193756
0.0399323559977347
0.03991556899563875
0.03993302698654588
0.03989725900464691
0.039919130998896435
0.03991436699288897
0.03994916699593887
0.039925980992848054
0.03989780000119936
0.03986812400398776
0.03996142798860092
0.039930469007231295
0.03993087500566617
0.03988918299728539
0.03991139298886992
0.0398199420014862
0.0400137490069028
0.039918922004289925
0.039905472003738396
0.03991890400357079
0.03991239800234325
0.03990869299741462
0.03992859699064866
0.039877502000308596
0.03995295199274551
0.03989968099631369
0.039882309996755794
0.03995939699234441
0.039913701999466866
0.039919051007018425
0.039918373004184105
0.03995381999993697
0.03990249200433027
0.03992066100181546
0.03990507799608167
0.039928774000145495
0.03991649499221239
0.03986441499728244
0.03996132798783947
0.03992021699377801
0.03990996199718211
0.03992169399862178
0.03988814400509
0.039947468001628295
0.03992010100046173
0.03989407600602135
0.039915040993946604
0.03994317499746103
0.03989597600593697
0.03991814200708177
0.039910858002258465
0.03989422800077591
0.03995392700016964
0.03990139899542555
0.039850771005149
0.03995761300029699
0.03995160599879455
0.03993313500541262
0.039917004003655165
0.03990808199159801
0.03991719700570684
0.03992431600636337
0.03992421999282669
0.03990331100067124
0.03992103200289421
0.03989834799722303
0.03991975299140904
0.03992507899238262
0.03991279400361236
0.03991983000014443
0.0398818260000553
0.03987292399688158
0.039974753992282785
0.039911896994453855
0.0399163420079276
0.039913690998218954
0.03989018600259442
0.03994165199401323
0.039730939999572
0.0400504769932013
0.039971081001567654
0.03994126300676726
0.03988661400217097
0.03993621200788766
0.03991380501247477
0.03991455399955157
0.03991108501213603
0.0399285029998282
0.039918826005305164
0.03971301201090682
0.03993104300752748
0.03984935900371056
0.03997390400036238
0.03989573600119911
0.03991623500769492
0.03989331600314472
0.04004696499032434
0.039675525011261925
0.03991558699635789
0.03991537299589254
0.03991672799747903
0.03990835198783316
0.03991541199502535
0.03989775099034887
0.03992214798927307
0.03991678199963644
0.03994091600179672
0.03990866200183518
0.03992537000158336
0.03989933000411838
0.0399281330028316
0.03990076799527742
0.03992460398876574
0.03989850200014189
0.03983229800360277
0.03998343700368423
0.03993723999883514
0.039904639997985214
0.03991146200860385
0.0399207349983044
0.03991584599134512
0.03981750000093598
0.03999635198852047
0.03989670699229464
0.03990830200200435
0.039914486987981945
0.03990580300160218
0.0399079869966954
0.03990830799739342
0.0399189710005885
0.0399219009996159
0.039941698996699415
0.039892900007544085
0.03991233500710223
0.0399373789987294
0.03990284301107749
0.0399216730002081
0.03992237900092732
0.03990275900287088
0.039913959000841714
0.039904614008264616
0.03991924799629487
0.039905327997985296
0.03991995399701409
0.039919923001434654
0.03989161900244653
0.03993697000259999
0.039900957999634556
0.03990314400289208
0.039891881999210455
0.03986745099246036
0.039945266995346174
0.03992438600107562
0.03993570400052704
0.039887495993752964
0.03992085599747952
0.03994396500638686
0.039900356001453474
0.03994441499526147
0.03993094300676603
0.039916614987305366
0.03991892399790231
0.039919153990922496
0.039875848990050144
0.03991891400073655
0.0399078170012217
0.03990786800568458
0.03991630100063048
0.03993022699432913
0.03991248199599795
0.03990621700359043
0.03993208501196932
0.03990881999197882
0.0398371430055704
0.03984941900125705
0.03997359699860681
0.03989789399201982
0.039907396989292465
0.03992275698692538
0.039915793007821776
0.03991102900181431
0.03990275699470658
0.04000812699086964
0.03990214198711328
0.03991421600221656
0.03992527299851645
0.03992119600297883
0.03991012599726673
0.03991330100689083
0.03991183699690737
0.03989431199443061
0.0399153829930583
0.03991323700756766
0.03992372899665497
0.03992695000488311
0.03989984099462163
0.03992127301171422
0.03988222299085464
0.03999855100119021
0.039899340001284145
0.03992302699771244
0.03990996300126426
0.03990377199079376
0.039918609996675514
0.039852807007264346
0.039956310007255524
0.039956720007467084
0.039909140003146604
0.039815640993765555
0.04003470299358014
0.03988910598855
0.03992655500769615
0.03989950701361522
0.03991943600703962
0.0399299099954078
0.039896902002510615
0.039884115001768805
0.03986327500024345
0.03996470899437554
0.03991846300777979
0.03989753998757806
0.039894061992526986
0.039973057006136514
0.03998931800015271
0.039847794992965646
0.03991961899737362
0.039858757008914836
0.03996384399943054
0.03990841699123848
0.03992540900071617
0.039918964001117274
0.03993989100854378
0.039905082012410276
0.03990958200301975
0.039918675989611074
0.03992365600424819
0.03990555299969856
0.03991760801000055
0.039909287996124476
0.03992789199401159
0.03996458800975233
0.03984231100184843
0.0399265820014989
0.039913945001899265
0.03992429700156208
0.039916933004860766
0.0399050419946434
0.03989424300380051
0.039902108008391224
0.03995121401385404
0.039909565995913
0.03990362100012135
0.039928521000547335
0.03990609299216885
0.0399125819967594
0.039882773999124765
0.03999391398974694
0.039892046988825314
0.03991848100849893
0.0399145760020474
0.03990680200513452
0.039908275997731835
0.03994443500414491
0.039886724000098184
0.039914686989504844
0.03992221200314816
0.0399142620008206
0.03991474500799086
0.03992826999456156
0.039907216996653005
0.039889307008706965
0.03993616699881386
0.03990907399565913
0.039932626008521765
0.039897753013065085
0.03991816900088452
0.03986537999298889
0.039908339007524773
0.03996490000281483
0.039870859996881336
0.03992176400788594
0.03999849299725611
0.039901085998280905
0.039913735003210604
0.0399128529970767
0.039912619002279826
0.03990563900151756
0.0399359419971006
0.03993347600044217
0.03995806400780566
0.039824837003834546
0.039919967006426305
0.03990590300236363
0.039920055991387926
0.03993652200733777
0.03991373399912845
0.03990083100507036
0.03989612699660938
0.03992811699572485
0.03990665799938142
0.03992142000060994
0.03991550300270319
0.039876656999695115
0.03992260700033512
0.03994168801000342
0.03990926800179295
0.03997549200721551
0.039810203001252376
0.03998044699255843
0.03992865399050061
0.03991095200763084
0.03992441299487837
0.03991449098975863
0.03990150000026915
0.03991212999972049
0.0399296560062794
0.039915582005050965
0.03990343399345875
0.03991792399028782
0.03992949200619478
0.03989211400039494
0.03992591399583034
0.039872841007309034
0.039879998003016226
0.03997843600518536
0.03992980900511611
0.039858671007095836
0.03994878599769436
0.03994571400107816
0.039873411995358765
0.039878958006738685
0.03982248100510333
0.04003015499620233
0.03999216799275018
0.039798559999326244
0.04001056200650055
0.03991152699745726
0.03991242399206385
0.039898508999613114
0.03996088000712916
0.03989111800910905
0.039912150998134166
0.039896232992759906
0.039885925012640655
0.03996703200391494
0.039897826995002106
0.03989964799256995
0.03993248699407559
0.039893166002002545
0.03991901999688707
0.03993939599604346
0.03986339499533642
0.03993736799748149
0.03987476200563833
0.039975464998860843
0.03988263799692504
0.03995244100224227
0.03991300299821887
0.03989992100105155
0.03988350700819865
0.03996184600691777
0.03990205700392835
0.03989685200212989
0.039992140998947434
0.039864527992904186
0.03990788900409825
0.03993157800869085
0.03987889099516906
0.039901519994600676
0.039928664002218284
