0.0043003390019293875
0.008437636992312036
0.009506688002147712
0.003681204005260952
0.018479738995665684
0.007295315008377656
0.005384222997236066
0.02248554999823682
0.015845710993744433
0.009443514994927682
0.007185747992480174
0.022647297999355942
0.008382863001315854
0.012813071996788494
0.016935894003836438
0.0015889439964666963
0.008327108007506467
0.01631640299456194
0.01045086000522133
0.006127543005277403
0.01151897499221377
0.008359551007742994
0.012726693006698042
0.009683023992693052
0.013699823000933975
0.008602832996984944
0.0025051929987967014
0.011910649001947604
0.004989277003915049
0.013297505007358268
0.006898034000187181
0.014686791997519322
0.01878998200118076
0.004205311997793615
0.010236655987682752
0.01769020699430257
0.02438898800755851
0.010887733995332383
0.023200045005069114
0.007295568997506052
0.01061409100657329
0.009994203996029682
0.00775480100128334
0.02325950599333737
0.0030496269901050255
0.025930966003215872
0.029720812002778985
0.04329308099113405
0.04109596199123189
0.048876925007789396
0.02995614601240959
0.045796241000061855
0.04087230100412853
0.0370706359972246
0.03424319300393108
0.04709410898794886
0.029685004003113136
0.05370514400419779
0.038161842996487394
0.029381386004388332
0.05081761800101958
0.04067325100186281
0.028096381007344462
0.055526001000544056
0.032602324994513765
0.04312416599714197
0.03228499100077897
0.04378781699051615
0.030865913999150507
0.05295820999890566
0.029099496008711867
0.04466177900030743
0.048452866001753137
0.030285287008155137
0.04815636100829579
0.03215330099919811
0.03430597799888346
0.053556655009742826
0.03446956099651288
0.03413261999958195
0.0612445930019021
0.016803997990791686
0.05360739599564113
0.03536128099949565
0.033862128999317065
0.041358121001394466
0.042966852997778915
0.046247032994870096
0.03964286099653691
0.030975759000284597
0.041843017999781296
0.03847039099491667
0.036968265994801186
0.03637831500964239
0.04714382100792136
0.043149356002686545
0.03808135198778473
0.03417306199844461
0.04764232000161428
0.03824007599905599
0.04057042198837735
0.030256769998231903
0.047121701994910836
0.03512424598739017
0.039944447999005206
0.043774368008598685
0.04005191400938202
0.034545296992291696
0.04021765000652522
0.048383337998529896
0.0318724340031622
0.04247742200095672
0.04064800600463059
0.04727896700205747
0.03475764200265985
0.03764963899448048
0.038105243002064526
0.038729459993191995
0.04022855099174194
0.03910211600305047
0.05114704099833034
0.035324947006301954
0.03633353501209058
0.037994206009898335
0.03834500600351021
0.048139592006918974
0.04208668600767851
0.028627207007957622
0.04269719499279745
0.045407737998175435
0.03800328400393482
0.03321507800137624
0.043024372003856115
0.03679703999659978
0.05408450300456025
0.035811705005471595
0.03642085500177927
0.04086269100662321
0.0443586809997214
0.03075586899649352
0.05055975800496526
0.031992170988814905
0.048814950001542456
0.037002265991759486
0.04463047700119205
0.038931226008571684
0.031540384006802924
0.040388540001004
0.052631455997470766
0.03310592600610107
0.03632561900303699
0.03818249600590207
0.041151259996695444
0.0308079730020836
0.055828249009209685
0.027365369998733513
0.040494927001418546
0.04027613298967481
0.07923143300286029
0.029752140006166883
0.045735420993878506
0.035297359005198814
0.04162254699622281
0.04613470299227629
0.03515891599818133
0.03584284198586829
0.048583127005258575
0.04762354999547824
0.03189907000341918
0.03201479300332721
0.03947774200059939
0.046252664003986865
0.040423897007713094
0.03453691001050174
0.03818578799837269
0.0510389910050435
0.042043341003591195
0.031044055009260774
0.04250395898998249
0.04772300200420432
0.03590791599708609
0.034068863998982124
0.0407872479991056
0.03626640800212044
0.05075621500145644
0.02903728000819683
0.04503183100314345
0.038820012006908655
0.05204969699843787
0.03161043800355401
0.038618382008280605
0.0327267539978493
0.047725584998261184
0.04424695300986059
0.02659832600329537
0.04645128500123974
0.04020557600597385
0.03689814300742
0.035826392006129026
0.048045775009086356
0.039971909995074384
0.0374240200035274
0.04176925499632489
0.03412613699038047
0.044863100003567524
0.03550489198823925
0.039731327997287735
0.04187712499697227
0.05174446100136265
0.03546079300576821
0.03311673799180426
0.04209209998953156
0.03333416501118336
0.0514357179927174
0.048976201011100784
0.024092109000775963
0.038435130001744255
0.046136016011587344
0.035769549998803996
0.04185815999517217
0.0346522509935312
0.04942368699994404
0.035394778999034315
0.0344334940018598
0.04603271700034384
0.031973553996067494
0.06302636899636127
0.016788504013675265
0.04404181698919274
0.03573107600095682
0.048969912008033134
0.04112881299806759
0.03475012400303967
0.03483088999928441
0.05677040400041733
0.037135557999135926
0.030457289001788013
0.04691552900476381
0.03395596699556336
0.05055406200699508
0.03154656500555575
0.03296785400016233
0.044142025988548994
0.041771626987610944
0.04067176299577113
0.03206325999053661
0.03994899199460633
0.04886304298997857
0.03576113699818961
0.04383987400797196
0.03421378201164771
0.04006698699959088
0.03669436799827963
0.04063718700490426
0.05066180099674966
0.030259897001087666
0.03814225499809254
0.046394164994126186
0.03604815001017414
0.04117173999838997
0.03640195001207758
0.060437136999098584
0.019013903991435654
0.05469262000406161
0.03129088100104127
0.040458814008161426
0.041013743000803515
0.03210709500126541
0.048823616001755
0.03781129699200392
0.033166238994454034
0.04496692599786911
0.037882213000557385
0.043578876997344196
0.03376706500421278
0.04656525599421002
0.04649098998925183
0.03023704899533186
0.04656158800935373
0.030414891996770166
0.03865049500018358
0.046529070008546114
0.03572697901108768
0.04937483899993822
0.04179966798983514
0.03991016300278716
0.03447572799632326
0.04001436100224964
0.039737856001011096
0.036303084998507984
0.04604723800730426
0.028873274990473874
0.04065051898942329
0.054303304001223296
0.036265068003558554
0.031534997004200704
0.04317588600679301
0.042035160993691534
0.045812194992322475
0.042435781011590734
0.027787957995315082
0.03939344199898187
0.04516944900387898
0.03960741999617312
0.03770761399937328
0.04327100299997255
0.02930567901057657
0.04447604999586474
0.04787595200468786
0.038463267002953216
0.034317715995712206
0.0382358060014667
0.046945366004365496
0.03404804100864567
0.04288398299831897
0.03886074600450229
0.03876155299076345
0.05293803400127217
0.04045458999462426
0.027300829999148846
0.033994684999925084
0.04251327499514446
0.050892796003608964
0.02774949300510343
0.039178672013804317
0.03861026700178627
0.04692322699702345
0.034951014997204766
0.042594179991283454
0.03516438898805063
0.041575752999051474
0.04315316899737809
0.042751924993353896
0.037316551999538206
0.04324223400908522
0.03745485100080259
0.0625807930045994
0.022706969000864774
0.028401486997609027
0.04307712099398486
0.04277496699069161
0.04074710600252729
0.053504708004766144
0.029307794000487775
0.04568502400070429
0.024330676009412855
0.04362080399005208
0.043481286003952846
0.04330375700374134
0.035915493994252756
0.04918460200133268
0.02389534800022375
0.04745661899505649
0.03810726699884981
0.03641192700888496
0.03850930300541222
0.049023817002307624
0.031143387997872196
0.04743611899903044
0.041975546002504416
0.03544549700745847
0.03510240200557746
0.0405456839944236
0.047274153999751434
0.044916063008713536
0.028858421996119432
0.036366564003401436
0.05135469000379089
0.029651379998540506
0.04351425000641029
0.04012580600101501
0.04223843800718896
0.03591131800203584
0.03674385999329388
0.04852135499822907
0.034575775993289426
0.0366083510016324
0.053098219010280445
0.029475865987478755
0.04349694600387011
0.03784135899331886
0.03558486599649768
0.04923060900182463
0.0399376650020713
0.03722620599728543
0.04960625201056246
0.03316757800348569
0.03462301900435705
0.04370506599661894
0.034271303011337295
0.037353966996306553
0.03997669099771883
0.047765679002623074
0.04714927400345914
0.03404728700115811
0.03880888799903914
0.04715159899205901
0.03349504800280556
0.03511746600270271
0.04056511999806389
0.050376087994663976
0.025362083993968554
0.03923323500202969
0.044468368010711856
0.037981157991453074
0.04662317999463994
0.03274976200191304
0.046712683004443534
0.03665478799666744
0.034430760992108844
0.057979081000667065
0.029913944003055803
0.047532324999338016
0.036520777008263394
0.04431973199825734
0.02301603098749183
0.056568091007648036
0.03692460599995684
0.030867834997479804
0.03789625599165447
0.047822875989368185
0.03872730799776036
0.03874733200063929
0.03878140299639199
0.04078737100644503
0.045226967995404266
0.042649465991416946
0.02639119399827905
0.055915072007337585
0.026637980990926735
0.03904008799872827
0.051489744990249164
0.03871494899794925
0.03225839500373695
0.03408096700150054
0.046961113999714144
0.03260181800578721
0.038988175001577474
0.04252820600231644
0.052268301995354705
0.029569388992968015
0.050275062007131055
0.029209084998001345
0.03981463599484414
0.03609077399596572
0.04349345699301921
0.04177157201047521
0.036393675007275306
0.045219452993478626
0.03797854800359346
0.048410186005639844
0.02621347400418017
0.044146492989966646
0.044211799002368934
0.03750349199981429
0.03576962699298747
0.04336402000626549
0.03910099000495393
0.05104850999487098
0.023572008998598903
0.0405162400129484
0.045399063994409516
0.0399051150016021
0.035657885993714444
0.03813556500244886
0.04165226699842606
0.04889574600383639
0.03306866699131206
0.040219467991846614
0.04871974399429746
0.042154009992373176
0.03458338099881075
0.038747304992284626
0.031178970995824784
0.03991802901146002
0.04476405099558178
0.03885234800691251
0.03613757999846712
0.04549961400334723
0.044477092000306584
0.04091583800618537
0.03216956899268553
0.036514834995614365
0.040756935995887034
0.04386333299044054
0.03514322800037917
0.04489781300071627
0.03486116799467709
0.04960250700241886
0.04187061700213235
0.03677529799460899
0.039354203996481374
0.03799859200080391
0.04574769199825823
0.03818456501176115
0.040931220006314106
0.04381202800141182
0.028301519007072784
0.037240710997139104
0.04629094399570022
0.03635485199629329
0.04541525000240654
0.03933893899375107
0.03976873800274916
0.037521621998166665
0.03734409000026062
0.04808199200488161
0.03384857099445071
0.03647686600743327
0.044147428998257965
0.04937606200110167
0.025940833991626278
0.046928953990573063
0.03592179600673262
0.04347204300574958
0.03858181899704505
0.03914550800982397
0.04105995000281837
0.03543234600510914
0.03697642299812287
0.040020111002377234
0.04321359199821018
0.03661276800266933
0.041794889999437146
0.03813465900020674
0.04346013200120069
0.04079761999309994
0.05835644798935391
0.020238762008375488
0.04236199799925089
0.04509322400554083
0.037410578996059485
0.03501741999934893
0.041352358006406575
0.04143672301142942
0.0386175000021467
0.034732054991764016
0.053596730998833664
0.029325576004339382
0.04632447999028955
0.038535822997801006
0.03491574100917205
0.04785703799279872
0.03152506200422067
0.038364332998753525
0.038783750002039596
0.039921036004670896
0.047391644009621814
0.03962322098959703
0.0336837619979633
0.06107661499117967
0.03129514500324149
0.027901929002837278
0.058591399996657856
0.021672333998139948
0.041640029012341984
0.04565296499640681
0.04045052999572363
0.04081184401002247
0.036367334992974065
0.04095733900612686
0.036526569005218334
0.04034247400704771
0.03921807499136776
0.041809582005953416
0.043832530005602166
0.03350157199020032
0.039582347992109135
0.06463263899786398
0.015455436005140655
0.04609443500521593
0.03836407400376629
0.04209395500947721
0.030479659006232396
0.04053216100146528
0.040516831999411806
0.04071560499141924
0.045882082005846314
0.04073995198996272
0.03191878700454254
0.04404853998858016
0.03890627900545951
0.034414317007758655
0.0558354690001579
0.032977894006762654
0.03230128998984583
0.04273849300807342
0.04814077199262101
0.0349321799876634
0.03802179399644956
0.04918985300173517
0.030319184996187687
0.03556963600567542
0.03901761300221551
0.03991277900058776
0.044281359994784
0.04504620499210432
0.03044738300377503
0.0398863199952757
0.045830212999135256
0.03401834800024517
0.04616674900171347
0.04099557599693071
0.03278580500045791
0.049841083004139364
0.03737536400149111
0.035269332001917064
0.03695376899850089
0.05278115200053435
0.03131895500700921
0.04367515299236402
0.042688043002272025
0.040854881997802295
0.03533476000302471
0.04482621600618586
0.03384483201080002
0.04101470499881543
0.037040444993181154
0.054463808992295526
0.02501843399659265
0.04417854000348598
0.031768333006766625
0.059014665996073745
0.03264361299807206
0.04114005999872461
0.03575062900199555
0.03885438399447594
0.03213777398923412
0.04653740400681272
0.03953674501099158
0.045870624991948716
0.03358560199558269
0.037722623004810885
0.04307520699512679
0.0331298699893523
0.04674420499941334
0.03999788500368595
0.03496708400780335
0.04324912399169989
0.04772963099821936
0.028892170012113638
0.04956188199867029
0.04179972400015686
0.03200453499448486
0.04162909300066531
0.04422113299369812
0.03869966200727504
0.0339054939977359
0.03978949598968029
0.056235930998809636
0.024674500004039146
0.04246299799706321
0.04698513000039384
0.027378260012483224
0.04311525599041488
0.04243892400700133
0.031387398004881106
0.04687774498597719
0.04825211899878923
0.03183802199782804
0.04398969099565875
0.02871121300267987
0.04215884600125719
0.044784587997128256
0.04503945900069084
0.031776506002643146
0.03578232399013359
0.048600060006720014
0.03375857100763824
0.045793123994371854
0.036704622994875535
0.04161923199717421
0.03302416100632399
0.04652352799894288
0.045125026008463465
0.03749767898989376
0.03522769200208131
0.035857266004313715
0.046360142005141824
0.03788305500347633
0.03769300899875816
0.04318016300385352
0.03377053199801594
0.04603273699467536
0.04396873099904042
0.036638937002862804
0.0482864710065769
0.026475845006643794
0.04043331400316674
0.044914325000718236
0.0366453799942974
0.03579799199360423
0.04772228699584957
0.03211864200420678
0.04444598199916072
0.04422264800814446
0.03676508700300474
0.03586312600236852
0.050674471000093035
0.03363182200700976
0.04040999799326528
0.033272047992795706
0.047495648002950475
0.0334124639921356
0.0458323070051847
0.041116951004369184
0.04031330600264482
0.03126384700590279
0.04982294701039791
0.03711310100334231
0.03557345800800249
0.05046742799459025
0.0334314330102643
0.04158963898953516
0.04257138300454244
0.03045801400730852
0.0420612930029165
0.048760270001366735
0.03387010301230475
0.04753502800303977
0.028595312993275
0.04003136100072879
0.04137110500596464
0.03535714700410608
0.03992758800450247
0.06147048699494917
0.01883667299989611
0.039390043006278574
0.04015927799628116
0.05265005800174549
0.02691777299332898
0.03989235099288635
0.041101270995568484
0.053175736000412144
0.029789558990160003
0.042005921990494244
0.041299720003735274
0.03634500199405011
0.039842673009843566
0.038622037987806834
0.0461547739978414
0.030779926004470326
0.0405098060000455
0.04500917399127502
0.03869259600469377
0.035905005992390215
0.04432928700407501
0.03508554199652281
0.03990254500240553
0.04415758600225672
0.05718405499646906
0.01838222300284542
0.052969607000704855
0.044015407998813316
0.022732995988917537
0.04180896699836012
0.043063284989329986
0.04731779500434641
0.03796846100885887
0.055232288010302
0.01704969900310971
0.037765776010928676
0.039183603003039025
0.046888244003639556
0.032951615008641966
0.05932518500776496
0.032759815992903896
0.03493890899699181
0.04568120501062367
0.035302472999319434
0.036103856007684954
0.045289837988093495
0.036251912999432534
0.03527855699940119
0.04321883500961121
0.043360751995351166
0.04169206600636244
0.05037905198696535
0.02482795099786017
0.04001161499763839
0.038945990992942825
0.035014080989640206
0.04849303800438065
0.03479723600321449
0.048930469012702815
0.02715766899927985
0.03992486798961181
0.049288148002233356
0.03283185100008268
0.04537288499705028
0.036387486004969105
0.04098368500126526
0.0352804439899046
0.03937477299768943
0.04306056900531985
0.039401526999427006
0.042854118000832386
0.04310078801063355
0.03919434499402996
0.03187637899827678
0.052244352002162486
0.028089043000363745
0.03942698199534789
0.04467255400959402
0.04818610900838394
0.04825599100149702
0.02919389599992428
0.03578281200316269
0.04514816099253949
0.028140205002273433
0.05981127999257296
0.029529260005801916
0.030389144012588076
0.04516348699689843
0.03833265299908817
0.03625545599788893
0.04666908900253475
0.03602560299623292
0.04005710700585041
0.0533694150071824
0.033067985001252964
0.030347826002980582
0.056523991996073164
0.029906743991887197
0.03946410301432479
0.03377684000588488
0.04879839801287744
0.03940209199208766
0.037542983001912944
0.040012933997786604
0.04067591700004414
0.04978338998625986
0.023149037006078288
0.039908998005557805
0.04645524099760223
0.03944634000072256
0.04005948700068984
0.035095159997581504
0.04440441699989606
0.04459545700228773
0.03381226499914192
0.039084115996956825
0.03899501399428118
0.04288509899924975
0.03411966499697883
0.045177559994044714
0.044012895988998935
0.034490893987822346
0.049059866010793485
0.026840826001716778
0.060637968010269105
0.025286314004915766
0.03377398999873549
0.04667971099843271
0.04825541299942415
0.03377910199924372
0.03881923700100742
0.046422232990153134
0.02785933499399107
0.04588420400978066
0.045815852005034685
0.036576889993739314
0.03320418500516098
0.04562699899543077
0.03131085199129302
0.04306692100362852
0.03916509498958476
0.03694332399754785
0.039347597004962154
0.03986647300189361
0.03987440900527872
0.0486914069915656
0.031180375997791998
0.053928242006804794
0.02862119799829088
0.04571272600151133
0.03641861700452864
0.049585411994485185
0.025611481003579684
0.03954119500122033
0.05073933399398811
0.030966506994445808
0.04560051999578718
0.04188679599610623
0.030811802003881894
0.04619433199695777
0.033178575002239086
0.04199315799633041
0.03784235399507452
0.04681356299261097
0.03338156400423031
0.04300428199348971
0.04261900301207788
0.04098830900329631
0.05085694800072815
0.024762453002040274
0.049353369991877116
0.041901134987710975
0.02807696799573023
0.04882677900604904
0.034920200996566564
0.04433630799758248
0.029504338002880104
0.0432169870036887
0.04038598999613896
0.03631905699148774
0.03921680399798788
0.052049887002795
0.03310314900591038
0.04398957399826031
0.034805699993739836
0.04850075700960588
0.03341812400321942
0.06712370499735698
0.03990509099094197
0.039921180010423996
0.039914647000841796
0.03992004400060978
0.03993137599900365
0.03991631499957293
0.03993386699585244
0.039895957001135685
0.03991186099301558
0.039928564001456834
0.03993556300702039
0.03989287900913041
0.039914804001455195
0.039919878996443
0.03990301300655119
0.039921472998685203
0.03992476699932013
0.03990954899927601
0.039909163999254815
0.039932129002409056
0.03993055100727361
0.03989612599252723
0.039788962007150985
0.04003278499294538
0.03991454000060912
0.03993223299039528
0.03991467799642123
0.03990209099720232
0.039923926000483334
0.03994300799968187
0.03990126198914368
0.039930282000568695
0.039915027999086305
0.03992116899462417
0.039898424001876265
0.0399186269933125
0.039921938005136326
0.03991304100782145
0.039918683003634214
0.039914156004670076
0.039894546003779396
0.03992996001034044
0.03992901799210813
0.039901054988149554
0.03992540900071617
0.03991349101124797
0.03991617799329106
0.0398936169949593
0.039943853989825584
0.03992690300219692
0.03981308599759359
0.03996897899196483
0.03993020800407976
0.03989930899115279
0.03999185100838076
0.03991547299665399
0.03993018000619486
0.03989546799857635
0.039924657001392916
0.039914182998472825
0.03991634800331667
0.03991635800048243
0.039913390995934606
0.039961351998499595
0.0398619680054253
0.039888270999654196
0.03996534500038251
0.039929172009578906
0.039891138003440574
0.03992659300274681
0.03990900500502903
0.03991591700469144
0.03991436700744089
0.03988388100697193
0.03994223999325186
0.039911326006404124
0.039918978000059724
0.03993830799299758
0.039873412999440916
0.039948694000486284
0.03991837899957318
0.0400350440031616
0.03971261299739126
0.0399916840106016
0.03990510699804872
0.039881960008642636
0.039950145001057535
0.039904215998831205
0.039925189994391985
0.03991624800255522
0.03989702899707481
0.03993576200446114
0.03987916999903973
0.03990947800048161
0.039938133995747194
0.039987166004721075
0.03989837299741339
0.03974484300124459
0.04009340199991129
0.03991076101374347
0.03992391900101211
0.039907402999233454
0.03991198699804954
0.03990859299665317
0.03995239100186154
0.039807302004192024
0.03999540299992077
0.03993666199676227
0.03999940199719276
0.03970858400862198
0.03991115899407305
0.03990549499576446
0.03990696200344246
0.03993005100346636
0.03990324700134806
0.039914751003379934
0.03992918800213374
0.039903199998661876
0.03990751100354828
0.03993237599206623
0.03992153699800838
0.03985305500100367
0.03986734499630984
0.03994439799862448
0.03990014900045935
0.03992802900029346
0.039848275991971605
0.04000402000383474
0.039914492997922935
0.03993226200691424
0.03991546601173468
0.039906604011775926
0.03992298399680294
0.03991842700634152
0.03990047400293406
0.039866372011601925
0.03996089700376615
0.039913057000376284
0.03992361799464561
0.03990338000585325
0.03988791099982336
0.03995175899763126
0.03990098199574277
0.039920626004459336
0.03991213900735602
0.039914480003062636
0.039909712999360636
0.03985967001062818
0.03996051898866426
0.03992938499141019
0.039954860010766424
0.03983968499233015
0.03991489800682757
0.03992549399845302
0.039938396992511116
0.039903615004732274
0.03993581699614879
0.03989967200323008
0.03991683899948839
0.03991049699834548
0.03991488699102774
0.039897977010696195
0.03994283099018503
0.03989791699859779
0.039920940005686134
0.03991643100744113
0.039910166000481695
0.039919652001117356
0.03989851800724864
0.039942953997524455
0.039904784003738314
0.039923437987454236
0.03991140000289306
0.039920225011883304
0.03988753599696793
0.0399620060052257
0.03987188600876834
0.03993429399270099
0.03991607499483507
0.03981539199594408
0.04003320600895677
0.03992730400932487
0.039907434009364806
0.039915241999551654
0.0399174909980502
0.039910168008645996
