0.24758994700096082
0.2317656000086572
0.26044746999104973
0.2436172800080385
0.23145926499273628
0.2466739949886687
0.2302438790065935
0.2314462439971976
0.2355619510053657
0.23678116900555324
0.2632288110035006
0.2510612820042297
0.22786635499505792
0.24224669199611526
0.24237599100160878
0.24708761500369292
0.22823083600087557
0.23538589500822127
0.25606245899689384
0.23838848700688686
0.22475768499134574
0.2446526569983689
0.2423603179922793
0.22916191699914634
0.24092916400695685
0.23026915000809822
0.22806148500239942
0.2428979620017344
0.24735213399981149
0.24785041499126237
0.23517928799265064
0.24540380299731623
0.2440934810001636
0.24397229000169318
0.23760827899968717
0.2569305719953263
0.24787553198984824
0.24255351698957384
0.25944515399169177
0.232227745000273
0.25877942799706943
0.23453934999997728
0.24222951399860904
0.2424516820028657
0.24725922600191552
0.23173839300579857
0.2452093839965528
0.23871563700959086
0.23887405400455464
0.2466101379977772
0.24283682699024212
0.2545286090025911
0.23646234400803223
0.2376546340092318
0.24187969499325845
0.226479600998573
0.24258377999649383
0.2610722459940007
0.26269480399787426
0.24191490600060206
0.23726236600487027
0.23281407399917953
0.22606077299860772
0.25407109200023115
0.24013087499770336
0.24950178399740253
0.23663533000217285
0.23075476399390027
0.24821078800596297
0.25502986200444866
0.2576620809995802
0.22345821199996863
0.2484612999978708
0.2442020680027781
0.23778731099446304
0.24009279000165407
0.23800759098958224
0.2320490179990884
0.24896383000304922
0.24745701700157952
0.22913158500159625
0.25148711299698334
0.24736176700389478
0.23989796800015029
0.23290245200041682
0.23923394200392067
0.24507834900578018
0.24107640999136493
0.23502976600138936
0.23303055598807987
0.2238135079969652
0.2349228989914991
0.24782166400109418
0.23979587799112778
0.24177036501350813
0.24932618599268608
0.2466233680024743
0.2413225940108532
0.2250864280067617
0.239861360998475
0.23144661099649966
0.25164884999685455
0.24590491699927952
0.24039539600198623
0.2514909690071363
0.2397854339942569
0.2430848270014394
0.24470974800351541
0.24283997500606347
0.2314325109909987
0.2593419549957616
0.24373591601033695
0.2563401930092368
0.2524621039920021
0.23802587499085348
0.24027836800087243
0.23510451399488375
0.2475560349994339
0.23536013400007505
0.2436425399937434
0.24213478600722738
0.24340250200475566
0.24730299999646377
0.22601936700812075
0.23299451799539384
0.23365167299925815
0.23633622800116427
0.2536115289985901
0.25591889799397904
0.2282780899986392
0.24971862199890893
0.23389548200066201
0.24977023899555206
0.2527436530072009
0.25291117499000393
0.2478784159902716
0.23497832399152685
0.22941769199678674
0.23455773299792781
0.2490195269929245
0.24183115200139582
0.23398585799441207
0.2420377239905065
0.25667695999436546
0.2394810739933746
0.22140962300181855
0.25447897500998806
0.2507219450053526
0.24438139698759187
0.2320810370001709
0.23491836499306373
0.25132470700191334
0.2436036130093271
0.24376473001029808
0.22441017300297972
0.25400749999971595
0.24424554900906514
0.22455404500942677
0.23265824200643692
0.24790574199869297
0.2510543820098974
0.24074170700623654
0.2451016749982955
0.23605784999381285
0.24570120200223755
0.2513742579903919
0.23286250300589018
0.2414337020018138
0.25172701600240543
0.21904677301063202
0.22088876798807178
0.23848576701129787
0.2590476449986454
0.24627254100050777
0.23927102799643762
0.2330296550062485
0.22420756801147945
0.24216988100670278
0.24980973001220264
0.23353559100360144
0.23756154799775686
0.24193825900147203
0.23756904200126883
0.24099904600006994
0.23661405500024557
0.23587869699986186
0.2519516100001056
0.23099362500943244
0.24318825599038973
0.23558740499720443
0.2645905639947159
0.2432912509975722
0.24559548099932726
0.25170293300470803
0.2271120899968082
0.2579251099959947
0.2372338629938895
0.24272007300169207
0.2525133970048046
0.2484177029982675
0.2539170360105345
0.2474292980041355
0.23693501501111314
0.22659730499435682
0.24686785700032488
0.23504680300538894
0.250918157005799
0.23191173799568787
0.2532471640006406
0.2321498069941299
0.23727073000918608
0.25607156100159045
0.2424882310006069
0.24913345600361936
0.2522868020023452
0.24575136799830943
0.2516559849900659
0.24553975599701516
0.2474625670001842
0.2433770110073965
0.2619364120037062
0.2654808669904014
0.24395768200338352
0.25083870100206695
0.2213200370024424
0.24582162901060656
0.23598049199790694
0.23740727400581818
0.24396396600059234
0.23775779499555938
0.22798302200681064
0.23681326799851377
0.24626246700063348
0.23435994298779406
0.2430399999866495
0.23626754998986144
0.254050299001392
0.23496473098930437
0.2432473939988995
0.22791685099946335
0.25187179099884816
0.24887060400214978
0.2411618599871872
0.24123075300303753
0.22369273399817757
0.2330257460125722
0.2366365830093855
0.24181540399149526
0.2398783579992596
0.2565865409997059
0.24089480099792127
0.24092878600640688
0.2344047600054182
0.23836445499910042
0.2243669829913415
0.23780789000738878
0.23504669099929743
0.25662524699873757
0.21778094400360715
0.2546423239982687
0.2357812199916225
0.2620287119934801
0.23643298199749552
0.24436047299241181
0.2585007469897391
0.25440030099707656
0.23242086700338405
0.25569701701169834
0.2458759119908791
0.24823683100112248
0.2485961480124388
0.2362029740033904
0.2417884930036962
0.2474726170039503
0.2330317520099925
0.23582129400165286
0.2511872629984282
0.22496364200196695
0.2319847249891609
0.253439434003667
0.26697774599597324
0.25335153499327134
0.26791695700376295
0.24121593800373375
0.24514220500714146
0.2433018759911647
0.24960710700543132
0.23472849601239432
0.23200839399942197
0.24126256800082047
0.22177531900524627
0.24148835500818677
0.2550172720075352
0.2542890170007013
0.2529493820038624
0.24302158600767143
0.22573545199702494
0.25331651099259034
0.24220654500823002
0.2504863939975621
0.2540043070039246
0.24434764200123027
0.22550910100108013
0.23730742699990515
0.2268166850117268
0.24956061500415672
0.22650057201099116
0.23339900899736676
0.22351005600648932
0.2501152810000349
0.2507336459966609
0.2410782660008408
0.2251493490039138
0.22866007599805016
0.23427941200498026
0.2426774880004814
0.2482917110028211
0.24187181900197174
0.24587644600251224
0.2514879019872751
0.23028577599325217
0.2312210420059273
0.24384467701020185
0.24411577499995474
0.2318981150019681
0.23830004601040855
0.2269198940048227
0.2576089759968454
0.24741301299945917
0.24540353199699894
0.25328386199544184
0.2275342590000946
0.2539868840103736
0.24387372900673654
0.24412639701040462
0.260442847997183
0.23042448300111573
0.2382070650055539
0.2545419910020428
0.24968825100222602
0.24013354499766137
0.24412381900765467
0.23546127500594594
0.25730849099636544
0.24253909899562132
0.22972019801090937
0.23465536299045198
0.23044722199847456
0.23471705199335702
0.24209624700597487
0.2522618409857387
0.23674799999571405
0.235417593998136
0.22977873399213422
0.2375034529977711
0.26887706900015473
0.24398369000118691
0.262944789006724
0.23123476200271398
0.22430960800556932
0.25080839901056606
0.24012178300472442
0.24564814000041224
0.23220981600752566
0.23506108099536505
0.2207494039903395
0.24522330799663905
0.23387254499539267
0.2519230720063206
0.2486717870051507
0.23434329799783882
0.22481671899731737
0.24435893600457348
0.2510312329977751
0.2352326649997849
0.22971863199200016
0.2564162999915425
0.23409881298721302
0.23533905499789398
0.24723250800161622
0.24490477300423663
0.24557811999693513
0.2299378820025595
0.23991107199981343
0.22948504899977706
0.247855700989021
0.24575573198671918
0.2471127750031883
0.2345533159968909
0.24414664099458605
0.24042066000401974
0.24871804998838343
0.2461682959983591
0.23953062400687486
0.253000089986017
0.2429097330023069
0.2525875910068862
0.24068787498981692
0.23842555399460252
0.25513494400365744
0.2447804730036296
0.2589236769999843
0.25124290799431037
0.24070514600316528
0.2255424549948657
0.23086924299423117
0.24744142300914973
0.2512292140017962
0.24866640201071277
0.24073305299680214
0.22556271200301126
0.24148989300010726
0.24112998899363447
0.23602934800146613
0.24182607399416156
0.22621101699769497
0.24770546800573356
0.23004602100991178
0.24447578300896566
0.2500739370007068
0.22096867101208773
0.2485829720098991
0.25095473999681417
0.23849867899843957
0.24007095200067852
0.23846742299792822
0.26054213498719037
0.23748469499696512
0.2588085629977286
0.24242111798957922
0.2503892399981851
0.24276760598877445
0.2345671289949678
0.22475603899511043
0.25320774099964183
0.24052884099364746
0.2446918799978448
0.2288662619976094
0.2372544179961551
0.2511118609982077
0.2456768620031653
0.24082598900713492
0.2569032850005897
0.24825987800431903
0.2235158660041634
0.25339305998932105
0.22677937099069823
0.2353441129962448
0.25949790500453673
0.2368640759959817
0.24501142000372056
0.23949121999612544
0.23914480100211222
0.2522213679912966
0.24806606900529005
0.25329288200009614
0.2648361350002233
0.24628192700038198
0.25810749900119845
0.23075316299218684
0.24109761300496757
0.23271385100088082
0.22454985600779764
0.25343601299391594
0.2426918260025559
0.2653656710026553
0.2629677509976318
0.24244696099776775
0.23001954900973942
0.24102881000726484
0.26264758700563107
0.2378408710064832
0.23141745600150898
0.2394315830024425
0.2483281029999489
0.22721198901126627
0.24354486299853306
0.2354250929929549
0.2400179950054735
0.23929467098787427
0.23738970200065523
0.22939826900255866
0.2392881230043713
0.23736168901086785
0.2564256689947797
0.2376991639903281
0.23634742500144057
0.25424315000418574
0.23799081100150943
0.2293810580013087
0.25433835000148974
0.2599939549982082
0.23138249600015115
0.2491000659938436
0.2381257279921556
0.2394179359980626
0.26002499800233636
0.23193509598786477
0.2562943800003268
0.24904654400597792
0.2500744420103729
0.23647961199458223
0.24869203299749643
0.251023418008117
0.24049020200618543
0.2493083509907592
0.2614154870097991
0.26457307300006505
0.2405213470046874
0.24281253200024366
0.2230296939960681
0.2539768050046405
0.2545866209984524
0.24643875900073908
0.23877682199236006
0.23448376401211135
0.24039817399170715
0.24534791300538927
0.21081780899839941
0.24204872999689542
0.24029542600328568
0.2507212929922389
0.2522211550094653
0.23326393599563744
0.22874791399226524
0.23024087499652524
0.2390733889915282
0.22640809799486306
0.23308215299039148
0.23675466699933168
0.24363705299037974
0.2530058359989198
0.2512831879867008
0.23656416399171576
0.226343745001941
0.24506595899583772
0.22066089199506678
0.22517361700010952
0.25850263198663015
0.24914286700368393
0.24615301100129727
0.25167644600151107
0.23910393999540247
0.23129319000872783
0.25822343899926636
0.23050274400156923
0.25151192100020126
0.247602414994617
0.2376505229913164
0.2339017740014242
0.2312189939984819
0.24263994900684338
0.25040251199970953
0.25534315599361435
0.23132827700464986
0.23224316799314693
0.25108407500374597
0.2362749059975613
0.24033311600214802
0.24230965400056448
0.24237996399460826
0.24012195400428027
0.22894469799939543
0.25452314999711234
0.23965386400232092
0.2568566020054277
0.24214094001217745
0.25911394599825144
0.23871527299343143
0.25781173900759313
0.2525727909960551
0.24903328099753708
0.2542353059980087
0.2564108020014828
0.23734306400001515
0.24246245399990585
0.23920527099107858
0.24827730399556458
0.2476864759955788
0.24257035300252028
0.23944765501073562
0.25616098700265866
0.2501118710060837
0.26087086599727627
0.2314996240020264
0.2482393480022438
0.2358765809913166
0.22786111899768002
0.24589590200048406
0.24493081400578376
0.23242986500554252
0.23782677701092325
0.2457072569959564
0.23714338699937798
0.23447298200335354
0.23228253499837592
0.24689284899795894
0.2481168689992046
0.23707306399592198
0.25824263200047426
0.2502075340016745
0.2470741589932004
0.23207668100076262
0.24830060500244144
0.2317849329992896
0.26396338699851185
0.2423426199966343
0.24523630100884475
0.2451132550049806
0.26143189500726294
0.2498583810083801
0.2414550789981149
0.23887322199880145
0.24831380299292505
0.24622172700765077
0.2487484159937594
0.2382363779906882
0.25096275300893467
0.23613244100124575
0.24400568899000064
0.24199668299115729
0.24849543499294668
0.24431974100298248
0.25240016999305226
0.23700968999764882
0.23403480398701504
0.24315856699831784
0.2773926019872306
0.24239009599841665
0.2324492490006378
0.22483576099330094
0.2502538520056987
0.22308430400153156
0.23495014299987815
0.23785149800824001
0.23698455200064927
0.22596999000234064
0.26265484900795855
0.24970512700383551
0.23482636800326873
0.2376168759947177
0.23995536100119352
0.24673786299536005
0.24849440800608136
0.24218375798955094
0.2601556229928974
0.23560018399439286
0.24936401699960697
0.24167834399850108
0.23989784700097516
0.24206154100829735
0.23721855800249614
0.2439048090018332
0.2442714810022153
0.24625702400226146
0.24382870500267018
0.23475445200165268
0.24942364101298153
0.2541251810034737
0.24739246199897025
0.2591522470029304
0.2326227339945035
0.2503118699969491
0.24885999599064235
0.2372931459976826
0.2458866180095356
0.2296905700059142
0.22682807099772617
0.2439435010019224
0.2367653179971967
0.22509223700035363
0.27032191200123634
0.24768950098950882
0.24239915300859138
0.259387465994223
0.2267684590042336
0.2516907179960981
0.23537530400790274
0.2272724259964889
0.23014369800512213
0.2437233649980044
0.23856322299980093
0.2635912690020632
0.24740501699852757
0.2366811239917297
0.24271362699801102
0.2431816099997377
0.25509070200496353
0.23317814100300893
0.23702220499399118
0.25155536500096787
0.26157898899691645
0.2519845370115945
0.25295899200136773
0.241376667006989
0.23722007300239056
0.25344505000975914
0.24851173399656545
0.2557877789949998
0.23965957200562116
0.24965861599775963
0.24803953200171236
0.24043746299867053
0.2283697509992635
0.24554207699839026
0.2418462549976539
0.20612975099356845
0.23173408200091217
0.24989438899501693
0.2457487619976746
0.23405160699621774
0.223297206001007
0.24794886900053825
0.23223408999911044
0.23914102900016587
0.24681113800033927
0.23980689799645916
0.2284048480069032
0.23423082000226714
0.23276223600259982
0.25174122699536383
0.23846097399655264
0.24688520999916364
0.2358024589921115
0.2480081209942
0.2492927540006349
0.2404458329983754
0.23667751600441989
0.24116996800876223
0.23598587900050916
0.24853924200579058
0.23698946200602222
0.24381107299996074
0.23166852298891172
0.23412860999815166
0.2455397159938002
0.23075141200388316
0.2412539039942203
0.25160312200023327
0.22360389000095893
0.2630993859929731
0.2392332909948891
0.2255939720052993
0.22790722199715674
0.24587757900008
0.24455184799444396
0.24256831800448708
0.23223633199813776
0.24107716100115795
0.2531332759972429
0.24310547800268978
0.23904019499605056
0.24840633000712842
0.24392755000735633
0.2621872200106736
0.24244792001263704
0.24187969500781037
0.23070168099366128
0.23848727499716915
0.23060022298886906
0.23816331799025647
0.23279943400120828
0.2530170030076988
0.22659051600203384
0.24319871699844953
0.23931940000329632
0.2451464269979624
0.24380508200556505
0.23230382599285804
0.23098382199532352
0.2428496240027016
0.2348748560034437
0.25888692699663807
0.22630568100430537
0.2462065809959313
0.24145656100881752
0.23905135499080643
0.2545530880015576
0.24991995700111147
0.2298137420002604
0.2514410459989449
0.24127838600543328
0.2268556390044978
0.25159480699221604
0.23249232801026665
0.24881793800159357
0.25175500998739153
0.24417746400285978
0.24283192100119777
0.23780786999850534
0.24083053399226628
0.23823976900894195
0.21627591500873677
0.22830818399961572
0.23908100699190982
0.2243546239915304
0.2306031230109511
0.24736093099636491
0.24324852200516034
0.257261794002261
0.24109522899379954
0.2352310749993194
0.2520969859906472
0.23744501698820386
0.24777663800341543
0.24460292200092226
0.23682239100162406
0.23018219899677206
0.22702622000360861
0.2405275420023827
0.23486152599798515
0.23883298700093292
0.23857807699823752
0.2439626249979483
0.25825853999413084
0.2408923019975191
0.24747499500517733
0.24713097499625292
0.2526660650037229
0.2372990339936223
0.2608726259932155
0.24205037999490742
0.25660064500698354
0.23132768599316478
0.24269738201110158
0.24339905999659095
0.2477195810060948
0.24197386900777929
0.2558106710057473
0.24284365600033198
0.23915136999858078
0.23643223600811325
0.22695988600025885
0.2287582970020594
0.24721152600250207
0.23558148001029622
0.22966636299679521
0.2557126410101773
0.24280065500352066
0.2450268320098985
0.25791059900075197
0.21889031599857844
0.23595916900376324
0.2579800169914961
0.23261680400173645
0.2379741579934489
0.23644997300289106
0.2301191909937188
0.2560439359949669
0.24442179399193265
0.24518338599591516
0.23123022000072524
0.22949288800009526
0.23569021599541884
0.24304592699627392
0.25008434799383394
0.23601280699949712
0.2357631819904782
0.24727144499775022
0.2384041379991686
0.26068848501017783
0.23318491999816615
0.2480674300022656
0.23466448199178558
0.25394303500070237
0.24499362701317295
0.2342479130020365
0.23672452798928134
0.24522718599473592
0.24873997599934228
0.26408457300567534
0.23384136099775787
0.2410604579927167
0.23984248600027058
0.23610991598980036
0.26399237000441644
0.2496399259980535
0.23704552100389265
0.23570572900644038
0.24228112401033286
0.2385260299924994
0.2491978019970702
0.2355059809924569
0.2379421219957294
0.2583290660113562
0.2348221859865589
0.24212619800528046
0.2418508999980986
0.2280474480066914
0.24716903500666376
0.24125239699787926
0.23332258099981118
0.21459472599963192
0.2527544729964575
0.252357094999752
0.24980967899318784
0.24371604098996613
0.25423307399614714
0.25074185500852764
0.25378277199342847
0.2554290999978548
0.23425797099480405
0.25111171099706553
0.2511133820080431
0.24879202600277495
0.24937543299165554
0.22915761401236523
0.2550424989894964
0.22969177100458182
0.25340257000061683
0.23536119000345934
0.2573763889959082
0.23663861000386532
0.22462880800594576
0.22214494198851753
0.2518630510021467
0.24075148600968532
0.2430709839973133
0.2400667420006357
0.25601546399411745
0.24327516999619547
0.21775285400508437
0.24271197699999902
0.24115752799843904
0.24824357900070027
0.2568413300032262
0.23159738699905574
0.2402150850102771
0.24518183099280577
0.2512978269951418
0.24292955700366292
0.24110504498821683
0.24910533700312953
0.23760038299951702
0.2575079509988427
0.2594958170084283
0.24856205099786166
0.2501190909970319
0.2533553980028955
0.2302367459924426
0.2361454119964037
0.2327653460088186
0.2548918559914455
0.24090181800420396
0.2536086259933654
0.25288649299182
0.2353278969967505
0.23426990599546116
0.23869122899486683
0.24518194899428636
0.25356305101013277
0.24980008600687142
0.2329400229937164
0.23892888300179038
0.25057837000349537
0.23727388700353913
0.24851686200418044
0.2508707469969522
0.225359160991502
0.24113051900349092
0.2656948859948898
0.23828665500332136
0.2447251659905305
0.24504639398946892
0.24524289699911606
0.25771223699848633
0.24142610099806916
0.25964687899977434
0.24140980800439138
0.23439778800820932
0.23115169200173113
0.246129059989471
0.2696755990036763
0.22948229599569459
0.2453641749889357
0.24043462400732096
0.23311185599595774
0.24820022701169364
0.2448441190063022
0.23541019701224286
0.24762590500176884
0.23984080899390392
0.21559956300188787
0.24556352601211984
0.24779795299400575
0.2293841339997016
0.24728550200234167
0.24003777699545026
0.23550856400106568
0.23652974200376775
0.23379832199134398
0.24694629899749998
0.25502335900091566
0.24376397400919814
0.23791304898622911
0.24899277099757455
0.23141932299768087
0.23913611700118054
0.2376860160002252
0.2446481630031485
0.23617883799306583
0.23713148800015915
0.23240840100334026
0.24843303300440311
0.2526613279915182
0.23287065399927087
0.22447948899935
0.23852595400239807
0.24583874900417868
0.2333797369938111
0.23767918199882843
0.2387093459983589
0.2330118429963477
0.23714377099531703
0.2536712339933729
0.2456837220088346
0.24098126700846478
0.2493433530034963
0.23691150599916
0.25146534701343626
0.24112277899985202
0.2593199459952302
0.2528165060066385
0.22264737499062903
0.2461471389979124
0.24518381401139777
0.23903710200102068
0.2168200799933402
0.25275665801018476
0.24367328299558721
0.2635619759967085
0.24407419199997094
0.24167302700516302
0.23974148200068157
0.2415274950035382
0.2582202040066477
0.25883423099003267
0.246143423995818
0.22379775300214533
0.24063397700956557
0.22916976899432484
0.24337801100045908
0.2562249249895103
0.23817145799694117
0.25141441299638245
0.23193404400080908
0.23637101000349503
0.2340956499974709
0.22303468600148335
0.22778777799976524
0.24360154799069278
0.24612428499676753
0.24856348599132616
0.22923257198999636
0.2326170909946086
0.2316710180020891
0.24368469399632886
0.23273935400357004
0.23930737699265592
0.25432737098890357
0.25593180500436574
0.2436068829993019
0.2559701729915105
0.24337551099597476
0.24800070199125912
0.24100065999664366
0.26561210901127197
0.25504745201033074
0.2352941959979944
0.24821705700014718
0.23163487399870064
0.23024978399917018
0.24403981199429836
0.23721779399784282
0.24195206799777225
0.2290051120071439
0.24330623800051399
0.23479795100865886
0.23776679500588216
0.22536298701015767
0.24848258499696385
0.2340813979972154
0.21368086800794117
0.24386761400091927
0.24756057299964596
0.25526099900889676
0.24953847700089682
0.24751328300044406
0.26288344999193214
0.2417864449962508
0.25314051999885123
0.24783292699430604
0.25738681700022426
0.24320929301029537
0.2504246499884175
0.23779451500740834
0.24437002099875826
0.24283983299392276
0.22668910400534514
0.2443662400037283
0.25380663698888384
0.2441188889933983
0.24492655099311378
0.239229853003053
0.23625174099288415
0.24652040499495342
0.24239920699619688
0.22632153199811
0.24543116400309373
0.24418704900017474
0.2571527039981447
0.24994910300301854
0.22343245400406886
0.2414463449968025
0.2556069499987643
0.2307291629986139
0.2540300440014107
0.22782652000023518
0.2505432719917735
0.2306584180041682
0.24755287800508086
0.22758674899523612
0.2444660820037825
0.249742639993201
0.25571566198777873
0.2298356459941715
0.24045720699359663
0.244691062005586
0.23610612099582795
0.23009884500061162
0.25556061099632643
0.23337241700210143
0.2339964529965073
0.2461497589974897
0.23622613999759778
0.23674793999816757
0.2531535170128336
0.25666336399444845
0.23304507200373337
0.23977006699715275
0.25822394000715576
0.24439791501208674
0.24204819799342658
0.2563717440061737
0.2482210560119711
0.2679525460116565
0.2344868030049838
