0.0034155189932789654	0.0043003390019293875	0.0945037870114902	0.24758994700096082
0.0014583669981220737	0.008437636992312036	0.07263330199930351	0.2317656000086572
0.001368019002256915	0.009506688002147712	0.08636313200986478	0.26044746999104973
0.0012544950004667044	0.003681204005260952	0.058053886008565314	0.2436172800080385
0.0012234059977345169	0.018479738995665684	0.0656917549931677	0.23145926499273628
0.0011827880080090836	0.007295315008377656	0.09158862399635836	0.2466739949886687
0.0010537089983699843	0.005384222997236066	0.08634437799628358	0.2302438790065935
0.0009458279964746907	0.02248554999823682	0.08263472400722094	0.2314462439971976
0.0008643920009490103	0.015845710993744433	0.07761177299835254	0.2355619510053657
0.0008415769989369437	0.009443514994927682	0.06867143099952955	0.23678116900555324
0.0007740360015304759	0.007185747992480174	0.08367366901075002	0.2632288110035006
0.0007105590048013255	0.022647297999355942	0.05752651199873071	0.2510612820042297
0.0007103249954525381	0.008382863001315854	0.09435921799740754	0.22786635499505792
0.0007214539946289733	0.012813071996788494	0.08820557600120082	0.24224669199611526
0.0007231519994093105	0.016935894003836438	0.07417664499371313	0.24237599100160878
0.0007452779973391443	0.0015889439964666963	0.08902053900237661	0.24708761500369292
0.0007440490007866174	0.008327108007506467	0.07978318899404258	0.22823083600087557
0.000768005003919825	0.01631640299456194	0.09204758200212382	0.23538589500822127
0.000780688991653733	0.01045086000522133	0.0765917789976811	0.25606245899689384
0.0007770800002617761	0.006127543005277403	0.08599518499977421	0.23838848700688686
0.0007627960003446788	0.01151897499221377	0.08082973200362176	0.22475768499134574
0.0007421339978463948	0.008359551007742994	0.0872590289945947	0.2446526569983689
0.0007492519944207743	0.012726693006698042	0.07504971500020474	0.2423603179922793
0.0007566490094177425	0.009683023992693052	0.07678082100756001	0.22916191699914634
0.0007425719959428534	0.013699823000933975	0.07898003100126516	0.24092916400695685
0.0007205639994936064	0.008602832996984944	0.07351852899591904	0.23026915000809822
0.0007119720103219151	0.0025051929987967014	0.09149900100601371	0.22806148500239942
0.0007465519884135574	0.011910649001947604	0.0855516840092605	0.2428979620017344
0.0007294309907592833	0.004989277003915049	0.08368055599567015	0.24735213399981149
0.0007229949987959117	0.013297505007358268	0.09474422500352375	0.24785041499126237
0.0006990049878368154	0.006898034000187181	0.08820419899711851	0.23517928799265064
0.0006921919994056225	0.014686791997519322	0.09178373399481643	0.24540380299731623
0.0006883430032758042	0.01878998200118076	0.07774860199424438	0.2440934810001636
0.010989485992467962	0.004205311997793615	0.0799434159998782	0.24397229000169318
0.04009103600401431	0.010236655987682752	0.07313932200486306	0.23760827899968717
0.03986095599248074	0.01769020699430257	0.08411404000071343	0.2569305719953263
0.039929702994413674	0.02438898800755851	0.08317425999848638	0.24787553198984824
0.03989451199595351	0.010887733995332383	0.09522993399878033	0.24255351698957384
0.04000413299945649	0.023200045005069114	0.06757988699246198	0.25944515399169177
0.03982268201070838	0.007295568997506052	0.09857275399554055	0.232227745000273
0.040022954999585636	0.01061409100657329	0.058379563997732475	0.25877942799706943
0.03985135399852879	0.009994203996029682	0.08628939300251659	0.23453934999997728
0.039953836996573955	0.00775480100128334	0.09170254399941768	0.24222951399860904
0.04005938699992839	0.02325950599333737	0.08879412199894432	0.2424516820028657
0.039647851008339785	0.0030496269901050255	0.0943415619985899	0.24725922600191552
0.039911786996526644	0.025930966003215872	0.08748037500481587	0.23173839300579857
0.03995496300922241	0.029720812002778985	0.08697801100788638	0.2452093839965528
0.04004719600197859	0.04329308099113405	0.0768001969991019	0.23871563700959086
0.039923969001392834	0.04109596199123189	0.08820981699682306	0.23887405400455464
0.03980203300307039	0.048876925007789396	0.07771128900640178	0.2466101379977772
0.039903676995891146	0.02995614601240959	0.07561880999128334	0.24283682699024212
0.03993318500579335	0.045796241000061855	0.07790410899906419	0.2545286090025911
0.03998604700609576	0.04087230100412853	0.06585789399105124	0.23646234400803223
0.03986206899571698	0.0370706359972246	0.09313860499241855	0.2376546340092318
0.0399062810029136	0.03424319300393108	0.10585455600812566	0.24187969499325845
0.03991424299601931	0.04709410898794886	0.08600405599281657	0.226479600998573
0.03990743600297719	0.029685004003113136	0.096179939006106	0.24258377999649383
0.0399110480066156	0.05370514400419779	0.06193050400179345	0.2610722459940007
0.04007239200291224	0.038161842996487394	0.09049408999271691	0.26269480399787426
0.039802621002309024	0.029381386004388332	0.0752222800074378	0.24191490600060206
0.03987238398985937	0.05081761800101958	0.08434519000002183	0.23726236600487027
0.03991538900299929	0.04067325100186281	0.08100182798807509	0.23281407399917953
0.03991684300126508	0.028096381007344462	0.08742408800753765	0.22606077299860772
0.03994336200412363	0.055526001000544056	0.06950807299290318	0.25407109200023115
0.03989364398876205	0.032602324994513765	0.07571216800715774	0.24013087499770336
0.03992072099936195	0.04312416599714197	0.08049765700707212	0.24950178399740253
0.03990794000856113	0.03228499100077897	0.0895727960014483	0.23663533000217285
0.03994622400205117	0.04378781699051615	0.08612802698917221	0.23075476399390027
0.04014424199704081	0.030865913999150507	0.07524692900187802	0.24821078800596297
0.03968743100995198	0.05295820999890566	0.08302183699561283	0.25502986200444866
0.039940870003192686	0.029099496008711867	0.07829224999295548	0.2576620809995802
0.040017993000219576	0.04466177900030743	0.0770897890033666	0.22345821199996863
0.039895041001727805	0.048452866001753137	0.08755398199718911	0.2484612999978708
0.03989307300071232	0.030285287008155137	0.06984119900153019	0.2442020680027781
0.03984836599556729	0.04815636100829579	0.08693494100589305	0.23778731099446304
0.03993577999062836	0.03215330099919811	0.09000168899365235	0.24009279000165407
0.0398597330058692	0.03430597799888346	0.08366557299450506	0.23800759098958224
0.03993154800264165	0.053556655009742826	0.10177849599858746	0.2320490179990884
0.04001374299696181	0.03446956099651288	0.05457369600480888	0.24896383000304922
0.03984956300701015	0.03413261999958195	0.0667595330014592	0.24745701700157952
0.03993511300359387	0.0612445930019021	0.07781114100362174	0.22913158500159625
0.039934145999723114	0.016803997990791686	0.09157451998908073	0.25148711299698334
0.03983802499715239	0.05360739599564113	0.0874228139873594	0.24736176700389478
0.039881899996544234	0.03536128099949565	0.09083114299573936	0.23989796800015029
0.03992332800407894	0.033862128999317065	0.0902892059966689	0.23290245200041682
0.040020558997639455	0.041358121001394466	0.07591137499548495	0.23923394200392067
0.03997543500736356	0.042966852997778915	0.08431933700921945	0.24507834900578018
0.0398693360039033	0.046247032994870096	0.1003819809993729	0.24107640999136493
0.03978599500260316	0.03964286099653691	0.08635103699634783	0.23502976600138936
0.04006434300390538	0.030975759000284597	0.0708471389953047	0.23303055598807987
0.03976576600689441	0.041843017999781296	0.0836768310109619	0.2238135079969652
0.04007808200549334	0.03847039099491667	0.07087206200230867	0.2349228989914991
0.03982641900074668	0.036968265994801186	0.07292412700189743	0.24782166400109418
0.04018043199903332	0.03637831500964239	0.09040980800637044	0.23979587799112778
0.03961271600564942	0.04714382100792136	0.07914405899646226	0.24177036501350813
0.04001631301071029	0.043149356002686545	0.06780434299435001	0.24932618599268608
0.03992488200310618	0.03808135198778473	0.0797674039931735	0.2466233680024743
0.039906631005578674	0.03417306199844461	0.09367135899083223	0.2413225940108532
0.03984931600280106	0.04764232000161428	0.08791409499826841	0.2250864280067617
0.03997920399706345	0.03824007599905599	0.08033570500265341	0.239861360998475
0.039905867000925355	0.04057042198837735	0.0839258189953398	0.23144661099649966
0.039822000995627604	0.030256769998231903	0.08814740400703158	0.25164884999685455
0.040001828005188145	0.047121701994910836	0.0814027880114736	0.24590491699927952
0.039935342996614054	0.03512424598739017	0.08453325599839445	0.24039539600198623
0.03984010999556631	0.039944447999005206	0.05994708600337617	0.2514909690071363
0.039886395999928936	0.043774368008598685	0.075864744008868	0.2397854339942569
0.04000163001182955	0.04005191400938202	0.07497437400161289	0.2430848270014394
0.03983443899778649	0.034545296992291696	0.09702159500739072	0.24470974800351541
0.03990995899948757	0.04021765000652522	0.06205248399055563	0.24283997500606347
0.03999520301294979	0.048383337998529896	0.08442291899700649	0.2314325109909987
0.03993055499449838	0.0318724340031622	0.083804980997229	0.2593419549957616
0.03991247899830341	0.04247742200095672	0.0921762329962803	0.24373591601033695
0.03991082400898449	0.04064800600463059	0.07191083100042306	0.2563401930092368
0.03992713100160472	0.04727896700205747	0.06604523501300719	0.2524621039920021
0.03991655200661626	0.03475764200265985	0.08767765799711924	0.23802587499085348
0.03991976000543218	0.03764963899448048	0.07974487399042118	0.24027836800087243
0.03990711900405586	0.038105243002064526	0.11118038100539707	0.23510451399488375
0.039866955994511954	0.038729459993191995	0.08114123999257572	0.2475560349994339
0.0402131989976624	0.04022855099174194	0.09334741400380153	0.23536013400007505
0.03970095299882814	0.03910211600305047	0.07612458099902142	0.2436425399937434
0.03993350500240922	0.05114704099833034	0.09311245998833328	0.24213478600722738
0.039923734992044047	0.035324947006301954	0.09570251101104077	0.24340250200475566
0.039874703012173995	0.03633353501209058	0.0697667350032134	0.24730299999646377
0.03993686300236732	0.037994206009898335	0.10594706800475251	0.22601936700812075
0.0399452739948174	0.03834500600351021	0.07969219800725114	0.23299451799539384
0.039910770996357314	0.048139592006918974	0.07349545900069643	0.23365167299925815
0.03982519499550108	0.04208668600767851	0.08195424600853585	0.23633622800116427
0.03999621399270836	0.028627207007957622	0.08956560501246713	0.2536115289985901
0.03991927499009762	0.04269719499279745	0.08770969600300305	0.25591889799397904
0.03983119899930898	0.045407737998175435	0.08006405900232494	0.2282780899986392
0.039913114000228234	0.03800328400393482	0.07383259700145572	0.24971862199890893
0.03992329399625305	0.03321507800137624	0.09743819199502468	0.23389548200066201
0.03990828299720306	0.043024372003856115	0.06454030099848751	0.24977023899555206
0.039995886996621266	0.03679703999659978	0.10732746501162183	0.2527436530072009
0.03984222399594728	0.05408450300456025	0.08773288900556508	0.25291117499000393
0.040002897003432736	0.035811705005471595	0.08427935000509024	0.2478784159902716
0.03992258200014476	0.03642085500177927	0.08443454600637779	0.23497832399152685
0.039819073004764505	0.04086269100662321	0.07499209301022347	0.22941769199678674
0.03998423900338821	0.0443586809997214	0.0737876189959934	0.23455773299792781
0.03984061800292693	0.03075586899649352	0.07983824900293257	0.2490195269929245
0.039915539004141465	0.05055975800496526	0.06008153200673405	0.24183115200139582
0.03993875400919933	0.031992170988814905	0.08662054101296235	0.23398585799441207
0.03998663900711108	0.048814950001542456	0.07566081298864447	0.2420377239905065
0.04016035499807913	0.037002265991759486	0.0869273999996949	0.25667695999436546
0.039682018003077246	0.04463047700119205	0.08387786099046934	0.2394810739933746
0.039915482004289515	0.038931226008571684	0.08694216099684127	0.22140962300181855
0.03994964399316814	0.031540384006802924	0.0811007900047116	0.25447897500998806
0.039901512005599216	0.040388540001004	0.09265141699870583	0.2507219450053526
0.0398857349937316	0.052631455997470766	0.08624025700555649	0.24438139698759187
0.03991710901027545	0.03310592600610107	0.08547174499835819	0.2320810370001709
0.03991438999946695	0.03632561900303699	0.07318245100032073	0.23491836499306373
0.039940009999554604	0.03818249600590207	0.09660302400880028	0.25132470700191334
0.03988851599569898	0.041151259996695444	0.07494575501186773	0.2436036130093271
0.03991531301289797	0.0308079730020836	0.09804443999018986	0.24376473001029808
0.03994145400065463	0.055828249009209685	0.0833437179971952	0.22441017300297972
0.03989210000145249	0.027365369998733513	0.0989227679965552	0.25400749999971595
0.03992506500799209	0.040494927001418546	0.09033560901298188	0.24424554900906514
0.039930793005623855	0.04027613298967481	0.09652763199119363	0.22455404500942677
0.07344732699857559	0.07923143300286029	0.0870660369982943	0.23265824200643692
0.03989160199125763	0.029752140006166883	0.09764453599927947	0.24790574199869297
0.039931998995598406	0.045735420993878506	0.08075176399142947	0.2510543820098974
0.039967539996723644	0.035297359005198814	0.08416827100154478	0.24074170700623654
0.0398444960010238	0.04162254699622281	0.10010019100445788	0.2451016749982955
0.039991116005694494	0.04613470299227629	0.07302526700368617	0.23605784999381285
0.0399004060018342	0.03515891599818133	0.07620527999824844	0.24570120200223755
0.03992059799202252	0.03584284198586829	0.08502940500329714	0.2513742579903919
0.03989244900003541	0.048583127005258575	0.09351668700401206	0.23286250300589018
0.03990488400449976	0.04762354999547824	0.08953381299215835	0.2414337020018138
0.039970245998119935	0.03189907000341918	0.09543793600460049	0.25172701600240543
0.03993240300042089	0.03201479300332721	0.07614025899965782	0.21904677301063202
0.039884101002826355	0.03947774200059939	0.0716394799965201	0.22088876798807178
0.039941119990544394	0.046252664003986865	0.08132414700230584	0.23848576701129787
0.03992002599989064	0.040423897007713094	0.07755809801165015	0.2590476449986454
0.03989082599582616	0.03453691001050174	0.08438864599156659	0.24627254100050777
0.03994318100740202	0.03818578799837269	0.0532192909886362	0.23927102799643762
0.03982478399120737	0.0510389910050435	0.07839391999004874	0.2330296550062485
0.03988435499195475	0.042043341003591195	0.08600885000487324	0.22420756801147945
0.040007916002650745	0.031044055009260774	0.08200435800245032	0.24216988100670278
0.03992247900168877	0.04250395898998249	0.08005886299361009	0.24980973001220264
0.039965490999748	0.04772300200420432	0.10395929300284479	0.23353559100360144
0.03980750299524516	0.03590791599708609	0.10023943599662744	0.23756154799775686
0.04000290099065751	0.034068863998982124	0.07043986499775201	0.24193825900147203
0.03985229501267895	0.0407872479991056	0.08701522300543729	0.23756904200126883
0.03996445599477738	0.03626640800212044	0.08556988700001966	0.24099904600006994
0.03989799499686342	0.05075621500145644	0.0897387900040485	0.23661405500024557
0.039871357002994046	0.02903728000819683	0.08684274200641084	0.23587869699986186
0.03992959899187554	0.04503183100314345	0.07601017299748491	0.2519516100001056
0.039949212994542904	0.038820012006908655	0.07776884699705988	0.23099362500943244
0.039868082996690646	0.05204969699843787	0.08571291799307801	0.24318825599038973
0.040001884000957943	0.03161043800355401	0.08865381698706187	0.23558740499720443
0.03983334700751584	0.038618382008280605	0.06853179901372641	0.2645905639947159
0.03993795700080227	0.0327267539978493	0.08412538398988545	0.2432912509975722
0.03994779600179754	0.047725584998261184	0.08178910599963274	0.24559548099932726
0.039912184001877904	0.04424695300986059	0.07242563599720597	0.25170293300470803
0.03988844499690458	0.02659832600329537	0.07687477100989781	0.2271120899968082
0.0399618189985631	0.04645128500123974	0.07720195600995794	0.2579251099959947
0.039928102007252164	0.04020557600597385	0.0796239199989941	0.2372338629938895
0.0399064639932476	0.03689814300742	0.0685695290012518	0.24272007300169207
0.03988059899711516	0.035826392006129026	0.07730887600337155	0.2525133970048046
0.0399531860020943	0.048045775009086356	0.09079889999702573	0.2484177029982675
0.0399650780018419	0.039971909995074384	0.07445409399224445	0.2539170360105345
0.03981602200656198	0.0374240200035274	0.08792546699987724	0.2474292980041355
0.039963711009477265	0.04176925499632489	0.0841340540064266	0.23693501501111314
0.03989294600614812	0.03412613699038047	0.05889703700086102	0.22659730499435682
0.03989601299690548	0.044863100003567524	0.07664698299777228	0.24686785700032488
0.039900784991914406	0.03550489198823925	0.08703088700713124	0.23504680300538894
0.039924785000039265	0.039731327997287735	0.08605479000834748	0.250918157005799
0.03994309500558302	0.04187712499697227	0.08244347201252822	0.23191173799568787
0.03992224199464545	0.05174446100136265	0.07883264499832876	0.2532471640006406
0.03991118900012225	0.03546079300576821	0.07565330099896528	0.2321498069941299
0.03989930800162256	0.03311673799180426	0.07689170500088949	0.23727073000918608
0.03996298200218007	0.04209209998953156	0.08841556200059131	0.25607156100159045
0.03991326400137041	0.03333416501118336	0.08713499399891589	0.2424882310006069
0.039857515002950095	0.0514357179927174	0.07717584699275903	0.24913345600361936
0.03992606699466705	0.048976201011100784	0.08629869499418419	0.2522868020023452
0.0399186740105506	0.024092109000775963	0.09317892300896347	0.24575136799830943
0.039930647995788604	0.038435130001744255	0.09505507799622137	0.2516559849900659
0.039939331996720284	0.046136016011587344	0.07665420099510811	0.24553975599701516
0.03986289400199894	0.035769549998803996	0.07948335800028872	0.2474625670001842
0.03992663900135085	0.04185815999517217	0.06504109100205824	0.2433770110073965
0.039918538997881114	0.0346522509935312	0.10293947599711828	0.2619364120037062
0.03992698300862685	0.04942368699994404	0.08554241199453827	0.2654808669904014
0.039907420010422356	0.035394778999034315	0.08887536700058263	0.24395768200338352
0.03989514800196048	0.0344334940018598	0.09115263700368814	0.25083870100206695
0.040001461005886085	0.04603271700034384	0.08940561600320507	0.2213200370024424
0.03984562400728464	0.031973553996067494	0.07976630100165494	0.24582162901060656
0.039932864005095325	0.06302636899636127	0.085430428996915	0.23598049199790694
0.03991689599934034	0.016788504013675265	0.08664239199424628	0.23740727400581818
0.0398997479933314	0.04404181698919274	0.08739233299274929	0.24396396600059234
0.039970022000488825	0.03573107600095682	0.09567972998775076	0.23775779499555938
0.03980294599023182	0.048969912008033134	0.07801134399778675	0.22798302200681064
0.039946235992829315	0.04112881299806759	0.07278833400050644	0.23681326799851377
0.03994678099115845	0.03475012400303967	0.07494040600431617	0.24626246700063348
0.03986080900358502	0.03483088999928441	0.08354287600377575	0.23435994298779406
0.03984668200428132	0.05677040400041733	0.0952569030050654	0.2430399999866495
0.040041380998445675	0.037135557999135926	0.08598463899397757	0.23626754998986144
0.03992851600924041	0.030457289001788013	0.09095153599628247	0.254050299001392
0.03987863899965305	0.04691552900476381	0.09474077800405212	0.23496473098930437
0.039933929991093464	0.03395596699556336	0.07557532899954822	0.2432473939988995
0.03995460900478065	0.05055406200699508	0.08992554701399058	0.22791685099946335
0.03988008100714069	0.03154656500555575	0.0861593330046162	0.25187179099884816
0.03991958200640511	0.03296785400016233	0.09826397198776249	0.24887060400214978
0.0398950969974976	0.044142025988548994	0.08383870100078639	0.2411618599871872
0.03991251499974169	0.041771626987610944	0.05920987299759872	0.24123075300303753
0.03993838600581512	0.04067176299577113	0.08531678500003181	0.22369273399817757
0.03996540099615231	0.03206325999053661	0.07406669600459281	0.2330257460125722
0.03988140099681914	0.03994899199460633	0.06877337400510442	0.2366365830093855
0.04000626900233328	0.04886304298997857	0.09458400400762912	0.24181540399149526
0.03984807799861301	0.03576113699818961	0.08096798699989449	0.2398783579992596
0.03995898300490808	0.04383987400797196	0.09022289700806141	0.2565865409997059
0.03982516800169833	0.03421378201164771	0.08137348100717645	0.24089480099792127
0.03993287999765016	0.04006698699959088	0.10235075700620655	0.24092878600640688
0.03994186500494834	0.03669436799827963	0.07298276200890541	0.2344047600054182
0.03990113499457948	0.04063718700490426	0.08654438001394738	0.23836445499910042
0.0398960260063177	0.05066180099674966	0.06386781499895733	0.2243669829913415
0.03991092200158164	0.030259897001087666	0.09004789500613697	0.23780789000738878
0.03994410099403467	0.03814225499809254	0.08375461801188067	0.23504669099929743
0.03993459101184271	0.046394164994126186	0.07266071399499197	0.25662524699873757
0.03988363000098616	0.03604815001017414	0.08147992500744294	0.21778094400360715
0.03993836999870837	0.04117173999838997	0.08906744699925184	0.2546423239982687
0.039884556012111716	0.03640195001207758	0.08074618100363296	0.2357812199916225
0.039904149001813494	0.060437136999098584	0.08262816698697861	0.2620287119934801
0.03992980299517512	0.019013903991435654	0.08690808499522973	0.23643298199749552
0.039934507993166335	0.05469262000406161	0.0877112610032782	0.24436047299241181
0.03989110099792015	0.03129088100104127	0.0710547630005749	0.2585007469897391
0.03990241100837011	0.040458814008161426	0.08380817000579555	0.25440030099707656
0.04022562800673768	0.041013743000803515	0.07906481300597079	0.23242086700338405
0.039702606009086594	0.03210709500126541	0.0904620130022522	0.25569701701169834
0.03983650800364558	0.048823616001755	0.06915610999567434	0.2458759119908791
0.039905362005811185	0.03781129699200392	0.08493452600669116	0.24823683100112248
0.03994899999815971	0.033166238994454034	0.07344609500432853	0.2485961480124388
0.03988273401046172	0.04496692599786911	0.07376585199381225	0.2362029740033904
0.039948339996044524	0.037882213000557385	0.08891233199392445	0.2417884930036962
0.0398494630062487	0.043578876997344196	0.08318004400643986	0.2474726170039503
0.04007565700158011	0.03376706500421278	0.09198823099723086	0.2330317520099925
0.03990012600843329	0.04656525599421002	0.08015949300897773	0.23582129400165286
0.03979801399691496	0.04649098998925183	0.06780979299219325	0.2511872629984282
0.039927295001689345	0.03023704899533186	0.0728951430064626	0.22496364200196695
0.039894004992675036	0.04656158800935373	0.08377702500729356	0.2319847249891609
0.039696521998848766	0.030414891996770166	0.07835800699831452	0.253439434003667
0.03991194799891673	0.03865049500018358	0.08844244199281093	0.26697774599597324
0.03997243799676653	0.046529070008546114	0.0767353400005959	0.25335153499327134
0.03987802000483498	0.03572697901108768	0.08188734599389136	0.26791695700376295
0.03987409399996977	0.04937483899993822	0.0844276389980223	0.24121593800373375
0.03997914100182243	0.04179966798983514	0.08961697400081903	0.24514220500714146
0.039857168012531474	0.03991016300278716	0.07184231901192106	0.2433018759911647
0.03998247800336685	0.03447572799632326	0.08822942899132613	0.24960710700543132
0.03984218099503778	0.04001436100224964	0.06883707801171113	0.23472849601239432
0.03989841099246405	0.039737856001011096	0.07550713801174425	0.23200839399942197
0.03991909399337601	0.036303084998507984	0.09303319900936913	0.24126256800082047
0.03992899200238753	0.04604723800730426	0.0921110530034639	0.22177531900524627
0.03999561400269158	0.028873274990473874	0.08060140599263832	0.24148835500818677
0.03992444300092757	0.04065051898942329	0.07952216701232828	0.2550172720075352
0.039904830991872586	0.054303304001223296	0.0828076269972371	0.2542890170007013
0.03988336300244555	0.036265068003558554	0.08177741200779565	0.2529493820038624
0.039918527007102966	0.031534997004200704	0.0865224019944435	0.24302158600767143
0.039907814003527164	0.04317588600679301	0.09813167800894007	0.22573545199702494
0.039963827992323786	0.042035160993691534	0.08032802400703076	0.25331651099259034
0.03982198399899062	0.045812194992322475	0.10156609499244951	0.24220654500823002
0.04004598798928782	0.042435781011590734	0.07793113200750668	0.2504863939975621
0.03992726400610991	0.027787957995315082	0.07351018399640452	0.2540043070039246
0.039914594002766535	0.03939344199898187	0.0785421869950369	0.24434764200123027
0.03979271800199058	0.04516944900387898	0.0920515549951233	0.22550910100108013
0.03992534200369846	0.03960741999617312	0.06972689600661397	0.23730742699990515
0.03994188900105655	0.03770761399937328	0.09553712399792857	0.2268166850117268
0.039848051994340494	0.04327100299997255	0.07443150399194565	0.24956061500415672
0.039961433998541906	0.02930567901057657	0.08317293599247932	0.22650057201099116
0.03990884999802802	0.04447604999586474	0.07255096599692479	0.23339900899736676
0.039905527999508195	0.04787595200468786	0.07904088700888678	0.22351005600648932
0.03993093299504835	0.038463267002953216	0.08313994799391367	0.2501152810000349
0.039901728989207186	0.034317715995712206	0.08346117399923969	0.2507336459966609
0.039911717001814395	0.0382358060014667	0.08016175401280634	0.2410782660008408
0.039916131005156785	0.046945366004365496	0.08837821600900497	0.2251493490039138
0.039882576995296404	0.03404804100864567	0.07953948300564662	0.22866007599805016
0.039917695001349784	0.04288398299831897	0.07093103599618189	0.23427941200498026
0.039956009000889026	0.03886074600450229	0.08879544500086922	0.2426774880004814
0.03989768300380092	0.03876155299076345	0.05360237699642312	0.2482917110028211
0.03990837300079875	0.05293803400127217	0.07674369298911188	0.24187181900197174
0.03997348799020983	0.04045458999462426	0.0800951260025613	0.24587644600251224
0.039896376998513006	0.027300829999148846	0.08477615300216712	0.2514879019872751
0.039925853998283856	0.033994684999925084	0.06922568200388923	0.23028577599325217
0.03991963900625706	0.04251327499514446	0.08916125800169539	0.2312210420059273
0.03987727200728841	0.050892796003608964	0.06559359500533901	0.24384467701020185
0.03993323500617407	0.02774949300510343	0.08128206500259694	0.24411577499995474
0.03994799898646306	0.039178672013804317	0.07192881499940995	0.2318981150019681
0.03991777199553326	0.03861026700178627	0.0919966969959205	0.23830004601040855
0.039859573007561266	0.04692322699702345	0.08058758100378327	0.2269198940048227
0.039923502001329325	0.034951014997204766	0.08805360700353049	0.2576089759968454
0.03992227900016587	0.042594179991283454	0.08298059400112834	0.24741301299945917
0.03992558899335563	0.03516438898805063	0.07820701200398616	0.24540353199699894
0.03993888800323475	0.041575752999051474	0.08231855901249219	0.25328386199544184
0.039915872999699786	0.04315316899737809	0.08893411701137666	0.2275342590000946
0.03980296099325642	0.042751924993353896	0.08104632400500122	0.2539868840103736
0.03999393599224277	0.037316551999538206	0.0796737209893763	0.24387372900673654
0.03992866699991282	0.04324223400908522	0.10534506700059865	0.24412639701040462
0.039907404003315605	0.03745485100080259	0.09148779400857165	0.260442847997183
0.039878518000477925	0.0625807930045994	0.08605949999764562	0.23042448300111573
0.03997709500254132	0.022706969000864774	0.06717920699156821	0.2382070650055539
0.0399151249876013	0.028401486997609027	0.09554599599505309	0.2545419910020428
0.03992362899589352	0.04307712099398486	0.08429817399883177	0.24968825100222602
0.039855648996308446	0.04277496699069161	0.09159413099405356	0.24013354499766137
0.039922420008224435	0.04074710600252729	0.08517767400189769	0.24412381900765467
0.039931039995281026	0.053504708004766144	0.092312271008268	0.23546127500594594
0.03991718699398916	0.029307794000487775	0.0861894929985283	0.25730849099636544
0.039887957987957634	0.04568502400070429	0.0813942110107746	0.24253909899562132
0.03992499799642246	0.024330676009412855	0.08877161100099329	0.22972019801090937
0.03992293401097413	0.04362080399005208	0.07468892500037327	0.23465536299045198
0.03993101499509066	0.043481286003952846	0.10733457900641952	0.23044722199847456
0.03986007400089875	0.04330375700374134	0.06557746700127609	0.23471705199335702
0.04006887399009429	0.035915493994252756	0.08448238199343905	0.24209624700597487
0.03988302899233531	0.04918460200133268	0.09886529500363395	0.2522618409857387
0.03983029299706686	0.02389534800022375	0.08933302300283685	0.23674799999571405
0.039930223996634595	0.04745661899505649	0.0918881059915293	0.235417593998136
0.03988074000517372	0.03810726699884981	0.06742864899570122	0.22977873399213422
0.039954414998646826	0.03641192700888496	0.10051138501148671	0.2375034529977711
0.03978327500226442	0.03850930300541222	0.0765670570108341	0.26887706900015473
0.03997051999613177	0.049023817002307624	0.07601383799919859	0.24398369000118691
0.03996048700355459	0.031143387997872196	0.0816458620101912	0.262944789006724
0.03993604700372089	0.04743611899903044	0.09625552099896595	0.23123476200271398
0.03988616600690875	0.041975546002504416	0.06901405499957036	0.22430960800556932
0.03986735800572205	0.03544549700745847	0.0761400519986637	0.25080839901056606
0.0399795039993478	0.03510240200557746	0.08598902699304745	0.24012178300472442
0.03991745399252977	0.0405456839944236	0.07543417099805083	0.24564814000041224
0.03988524399755988	0.047274153999751434	0.08307061399682425	0.23220981600752566
0.039887613005703315	0.044916063008713536	0.08098767999035772	0.23506108099536505
0.039954127991222776	0.028858421996119432	0.07570970800588839	0.2207494039903395
0.039935545006301254	0.036366564003401436	0.09478946999297477	0.24522330799663905
0.03996955099864863	0.05135469000379089	0.08196759098791517	0.23387254499539267
0.03986511399853043	0.029651379998540506	0.08741460599412676	0.2519230720063206
0.03987872200377751	0.04351425000641029	0.07585917301184963	0.2486717870051507
0.03984646499156952	0.04012580600101501	0.07656616500753444	0.23434329799783882
0.03999724698951468	0.04223843800718896	0.10369413999433164	0.22481671899731737
0.03991868399316445	0.03591131800203584	0.07751872899825685	0.24435893600457348
0.03996130800805986	0.03674385999329388	0.07506204899982549	0.2510312329977751
0.04000351601280272	0.04852135499822907	0.09504464999190532	0.2352326649997849
0.03979271400021389	0.034575775993289426	0.07735538399720099	0.22971863199200016
0.03985866099537816	0.0366083510016324	0.06341531999350991	0.2564162999915425
0.03997443200205453	0.053098219010280445	0.09202185500180349	0.23409881298721302
0.039859183991211466	0.029475865987478755	0.07631207999656908	0.23533905499789398
0.03992985701188445	0.04349694600387011	0.08573721400171053	0.24723250800161622
0.03991569299250841	0.03784135899331886	0.09797321699443273	0.24490477300423663
0.03991133900126442	0.03558486599649768	0.08362343099724967	0.24557811999693513
0.03992854000534862	0.04923060900182463	0.07497566999518313	0.2299378820025595
0.039920388007885776	0.0399376650020713	0.07776752099744044	0.23991107199981343
0.03990659900591709	0.03722620599728543	0.07322719099465758	0.22948504899977706
0.039995913990424015	0.04960625201056246	0.057273079990409315	0.247855700989021
0.03989901598833967	0.03316757800348569	0.07387460699828807	0.24575573198671918
0.03980352099461015	0.03462301900435705	0.0875669770030072	0.2471127750031883
0.0400678520090878	0.04370506599661894	0.07787525199819356	0.2345533159968909
0.039623567994567566	0.034271303011337295	0.08909930300433189	0.24414664099458605
0.039929785998538136	0.037353966996306553	0.06703601400658954	0.24042066000401974
0.03992017899872735	0.03997669099771883	0.08120202799909748	0.24871804998838343
0.03984140000829939	0.047765679002623074	0.08235810800397303	0.2461682959983591
0.03998288299771957	0.04714927400345914	0.07641406900074799	0.23953062400687486
0.03994296399469022	0.03404728700115811	0.09124695499485824	0.253000089986017
0.039911334999487735	0.03880888799903914	0.07829090100130998	0.2429097330023069
0.03990210399206262	0.04715159899205901	0.09224362199893221	0.2525875910068862
0.039940770002431236	0.03349504800280556	0.0896573840000201	0.24068787498981692
0.039843107006163336	0.03511746600270271	0.07689539999410044	0.23842555399460252
0.040071904004435055	0.04056511999806389	0.08817785599967465	0.25513494400365744
0.03982150500814896	0.050376087994663976	0.081505013993592	0.2447804730036296
0.03994045600120444	0.025362083993968554	0.08638046101259533	0.2589236769999843
0.03985175798879936	0.03923323500202969	0.08629814098821953	0.25124290799431037
0.03991469100583345	0.044468368010711856	0.08054614100547042	0.24070514600316528
0.039919635994010605	0.037981157991453074	0.0805071820068406	0.2255424549948657
0.039912705004098825	0.04662317999463994	0.0702341720025288	0.23086924299423117
0.03991660199244507	0.03274976200191304	0.10932133300229907	0.24744142300914973
0.03993273699597921	0.046712683004443534	0.0654464909894159	0.2512292140017962
0.039897523005492985	0.03665478799666744	0.08474064900656231	0.24866640201071277
0.03991551599756349	0.034430760992108844	0.07702011401124764	0.24073305299680214
0.039916788999107666	0.057979081000667065	0.0872380999935558	0.22556271200301126
0.039904733988805674	0.029913944003055803	0.07352748099947348	0.24148989300010726
0.0399279589910293	0.047532324999338016	0.09277283100527711	0.24112998899363447
0.03991136001423001	0.036520777008263394	0.07190299300418701	0.23602934800146613
0.03990993999468628	0.04431973199825734	0.08876255599898286	0.24182607399416156
0.03993179800454527	0.02301603098749183	0.07996070900117047	0.22621101699769497
0.03994293700088747	0.056568091007648036	0.08950355800334364	0.24770546800573356
0.03989748300227802	0.03692460599995684	0.07312634799745865	0.23004602100991178
0.03988392700557597	0.030867834997479804	0.07213409199903253	0.24447578300896566
0.03992486199422274	0.03789625599165447	0.09988364900345914	0.2500739370007068
0.039891895998152904	0.047822875989368185	0.06419658300001174	0.22096867101208773
0.03989585299859755	0.03872730799776036	0.07900529900507536	0.2485829720098991
0.03988581600424368	0.03874733200063929	0.07231165299890563	0.25095473999681417
0.03989218399510719	0.03878140299639199	0.08145727599912789	0.23849867899843957
0.03995369600306731	0.04078737100644503	0.06698648900783155	0.24007095200067852
0.0398367150046397	0.045226967995404266	0.07896407399675809	0.23846742299792822
0.039893302993732505	0.042649465991416946	0.07260449399473146	0.26054213498719037
0.03989346598973498	0.02639119399827905	0.07484319500508718	0.23748469499696512
0.03991034399950877	0.055915072007337585	0.06573645200114697	0.2588085629977286
0.03980107700044755	0.026637980990926735	0.09338197400211357	0.24242111798957922
0.0399807580106426	0.03904008799872827	0.07930566900176927	0.2503892399981851
0.039860261997091584	0.051489744990249164	0.07472784799756482	0.24276760598877445
0.0399234950018581	0.03871494899794925	0.061955181998200715	0.2345671289949678
0.0399067219987046	0.03225839500373695	0.08281949900265317	0.22475603899511043
0.03988765200483613	0.03408096700150054	0.07126764599524904	0.25320774099964183
0.0398880129941972	0.046961113999714144	0.0785011139960261	0.24052884099364746
0.03994310900452547	0.03260181800578721	0.07637470899499021	0.2446918799978448
0.039835750008933246	0.038988175001577474	0.10576453499379568	0.2288662619976094
0.039975784995476715	0.04252820600231644	0.08806493500014767	0.2372544179961551
0.0398798340029316	0.052268301995354705	0.07411199499620125	0.2511118609982077
0.03990903700469062	0.029569388992968015	0.08862613800738472	0.2456768620031653
0.03986879800504539	0.050275062007131055	0.06533206600579433	0.24082598900713492
0.039828492008382455	0.029209084998001345	0.09738584500155412	0.2569032850005897
0.04003198600548785	0.03981463599484414	0.0871970910084201	0.24825987800431903
0.03986446101043839	0.03609077399596572	0.06956831800926011	0.2235158660041634
0.03988987099728547	0.04349345699301921	0.08114094400661997	0.25339305998932105
0.039885108009912074	0.04177157201047521	0.07368639898777474	0.22677937099069823
0.03988506700261496	0.036393675007275306	0.07503960900066886	0.2353441129962448
0.03990170299948659	0.045219452993478626	0.06851769500644878	0.25949790500453673
0.039970035999431275	0.03797854800359346	0.07741194700065535	0.2368640759959817
0.0398416800017003	0.048410186005639844	0.07010346899915021	0.24501142000372056
0.03987809100362938	0.02621347400418017	0.07430889499664772	0.23949121999612544
0.03988093099906109	0.044146492989966646	0.07872130299801938	0.23914480100211222
0.03988595199189149	0.044211799002368934	0.08437976401182823	0.2522213679912966
0.03989746900333557	0.03750349199981429	0.07557882799301296	0.24806606900529005
0.03994299500482157	0.03576962699298747	0.07940059900283813	0.25329288200009614
0.03987969399895519	0.04336402000626549	0.08954888199514244	0.2648361350002233
0.03990571299800649	0.03910099000495393	0.07979937200434506	0.24628192700038198
0.03986851699301042	0.05104850999487098	0.09252854100486729	0.25810749900119845
0.03992363299767021	0.023572008998598903	0.05938605600385927	0.23075316299218684
0.04001019400311634	0.0405162400129484	0.06423038100183476	0.24109761300496757
0.03977027100336272	0.045399063994409516	0.07562120200600475	0.23271385100088082
0.03989692500908859	0.0399051150016021	0.08684045799600426	0.22454985600779764
0.0398925519984914	0.035657885993714444	0.08993923199886922	0.25343601299391594
0.03990036400500685	0.03813556500244886	0.08284982500481419	0.2426918260025559
0.03988792399468366	0.04165226699842606	0.07679594999353867	0.2653656710026553
0.03991102799773216	0.04889574600383639	0.07163827000476886	0.2629677509976318
0.03990221400454175	0.03306866699131206	0.07513003400526941	0.24244696099776775
0.03989990500849672	0.040219467991846614	0.08761624898761511	0.23001954900973942
0.03988827498687897	0.04871974399429746	0.09306428499985486	0.24102881000726484
0.0398942019965034	0.042154009992373176	0.08402177000243682	0.26264758700563107
0.03990383200289216	0.03458338099881075	0.07510080099746119	0.2378408710064832
0.039893072011182085	0.038747304992284626	0.06850014699739404	0.23141745600150898
0.03987135399074759	0.031178970995824784	0.08296261599753052	0.2394315830024425
0.03997984899615403	0.03991802901146002	0.08413391800422687	0.2483281029999489
0.039849155000410974	0.04476405099558178	0.06703444301092532	0.22721198901126627
0.039875466987723485	0.03885234800691251	0.07490322800003923	0.24354486299853306
0.03990990899910685	0.03613757999846712	0.08221504499670118	0.2354250929929549
0.03997829899890348	0.04549961400334723	0.08557440299773589	0.2400179950054735
0.03984606699668802	0.044477092000306584	0.07821242899808567	0.23929467098787427
0.039884452999103814	0.04091583800618537	0.07229701599862892	0.23738970200065523
0.039872973997262307	0.03216956899268553	0.06974082300439477	0.22939826900255866
0.039873993999208324	0.036514834995614365	0.07124963699607179	0.2392881230043713
0.03994895899086259	0.040756935995887034	0.08203126199077815	0.23736168901086785
0.039900835006847046	0.04386333299044054	0.09896445099730045	0.2564256689947797
0.03988085800665431	0.03514322800037917	0.0748309659975348	0.2376991639903281
0.039953879997483455	0.04489781300071627	0.07122960498963948	0.23634742500144057
0.03977438699803315	0.03486116799467709	0.07081145900883712	0.25424315000418574
0.04007078199356329	0.04960250700241886	0.07760310600860976	0.23799081100150943
0.039879731004475616	0.04187061700213235	0.06856698599585798	0.2293810580013087
0.03991253201093059	0.03677529799460899	0.0621897950040875	0.25433835000148974
0.039865605998784304	0.039354203996481374	0.10020055899803992	0.2599939549982082
0.0399112890008837	0.03799859200080391	0.0829658680013381	0.23138249600015115
0.03989312899648212	0.04574769199825823	0.07918059699295554	0.2491000659938436
0.03988416799984407	0.03818456501176115	0.06887094800185878	0.2381257279921556
0.03990554298798088	0.040931220006314106	0.09811035699385684	0.2394179359980626
0.039898475995869376	0.04381202800141182	0.08438624699192587	0.26002499800233636
0.03987987799337134	0.028301519007072784	0.07529044098919258	0.23193509598786477
0.039900176008814014	0.037240710997139104	0.08294635699712671	0.2562943800003268
0.04013414900691714	0.04629094399570022	0.08138641899859067	0.24904654400597792
0.03969332799897529	0.03635485199629329	0.09548396700120065	0.2500744420103729
0.03987621499982197	0.04541525000240654	0.07585002099222038	0.23647961199458223
0.03995887500059325	0.03933893899375107	0.0947844000038458	0.24869203299749643
0.03985635899880435	0.03976873800274916	0.08762060799926985	0.251023418008117
0.039882686993223615	0.037521621998166665	0.07427035699947737	0.24049020200618543
0.03992142700008117	0.03734409000026062	0.07289229500747751	0.2493083509907592
0.03987564500130247	0.04808199200488161	0.07381916299345903	0.2614154870097991
0.03987858799519017	0.03384857099445071	0.07147844700375572	0.26457307300006505
0.03991069500625599	0.03647686600743327	0.10260313599428628	0.2405213470046874
0.03989054900011979	0.044147428998257965	0.07869292999384925	0.24281253200024366
0.0399014430004172	0.04937606200110167	0.06161049999354873	0.2230296939960681
0.03987768599472474	0.025940833991626278	0.07654309300414752	0.2539768050046405
0.039900146002764814	0.046928953990573063	0.07323394599370658	0.2545866209984524
0.03989796400128398	0.03592179600673262	0.06727915500232484	0.24643875900073908
0.039876778013422154	0.04347204300574958	0.0867467069911072	0.23877682199236006
0.03990745400369633	0.03858181899704505	0.08399080899835099	0.23448376401211135
0.03990406398952473	0.03914550800982397	0.08919036599399988	0.24039817399170715
0.039903623997815885	0.04105995000281837	0.08776337100425735	0.24534791300538927
0.03982672099664342	0.03543234600510914	0.08267278199491557	0.21081780899839941
0.03987718900316395	0.03697642299812287	0.07673638399865013	0.24204872999689542
0.03995372400095221	0.040020111002377234	0.08998853000230156	0.24029542600328568
0.03999267901235726	0.04321359199821018	0.07807316500111483	0.2507212929922389
0.039883905003080145	0.03661276800266933	0.07631839200621471	0.2522211550094653
0.039906710997456685	0.041794889999437146	0.07429087100899778	0.23326393599563744
0.040019288993789814	0.03813465900020674	0.07283287799509708	0.22874791399226524
0.03980826699989848	0.04346013200120069	0.08822337099991273	0.23024087499652524
0.03990693799278233	0.04079761999309994	0.09208849300921429	0.2390733889915282
0.0399313340021763	0.05835644798935391	0.08776668101199903	0.22640809799486306
0.03989128500688821	0.020238762008375488	0.07912090000172611	0.23308215299039148
0.039917567002703436	0.04236199799925089	0.0667272239952581	0.23675466699933168
0.039914089007652365	0.04509322400554083	0.08511982100026216	0.24363705299037974
0.039948637000634335	0.037410578996059485	0.08917060200474225	0.2530058359989198
0.03988599900912959	0.03501741999934893	0.07939796899154317	0.2512831879867008
0.03993266000179574	0.041352358006406575	0.0921824219985865	0.23656416399171576
0.03992582700448111	0.04143672301142942	0.06760390099952929	0.226343745001941
0.03994397399947047	0.0386175000021467	0.08080671899369918	0.24506595899583772
0.039904014993226156	0.034732054991764016	0.07028626000101212	0.22066089199506678
0.039915567002026364	0.053596730998833664	0.07171982899308205	0.22517361700010952
0.03992644899699371	0.029325576004339382	0.09386838300270028	0.25850263198663015
0.03990717000851873	0.04632447999028955	0.092663712988724	0.24914286700368393
0.03987778599548619	0.038535822997801006	0.08749734799494036	0.24615301100129727
0.03990799000894185	0.03491574100917205	0.10505295998882502	0.25167644600151107
0.039931213003001176	0.04785703799279872	0.086288582009729	0.23910393999540247
0.03993605499272235	0.03152506200422067	0.08068759500747547	0.23129319000872783
0.03990873599832412	0.038364332998753525	0.07120658400526736	0.25822343899926636
0.039912684995215386	0.038783750002039596	0.0819220370030962	0.23050274400156923
0.03992610800196417	0.039921036004670896	0.07435944701137487	0.25151192100020126
0.039912395004648715	0.047391644009621814	0.06452687201090157	0.247602414994617
0.03992455100524239	0.03962322098959703	0.09676186900469474	0.2376505229913164
0.040032026008702815	0.0336837619979633	0.08959075399616268	0.2339017740014242
0.0397933659987757	0.06107661499117967	0.08727866200206336	0.2312189939984819
0.03991566000331659	0.03129514500324149	0.08855610899627209	0.24263994900684338
0.039924123004311696	0.027901929002837278	0.0948593180073658	0.25040251199970953
0.039967413002159446	0.058591399996657856	0.08583272199030034	0.25534315599361435
0.03989762399578467	0.021672333998139948	0.08844139899883885	0.23132827700464986
0.0399064250086667	0.041640029012341984	0.08594213900505565	0.23224316799314693
0.03979705799429212	0.04565296499640681	0.06077260500751436	0.25108407500374597
0.040031046999501996	0.04045052999572363	0.07624626999313477	0.2362749059975613
0.039927691002958454	0.04081184401002247	0.06926177800050937	0.24033311600214802
0.039854033006122336	0.036367334992974065	0.07265281799482182	0.24230965400056448
0.039703489004750736	0.04095733900612686	0.07047846401110291	0.24237996399460826
0.03993047100084368	0.036526569005218334	0.08473911200417206	0.24012195400428027
0.03992328100139275	0.04034247400704771	0.09048419899772853	0.22894469799939543
0.03988155799743254	0.03921807499136776	0.0674075129936682	0.25452314999711234
0.03988018499512691	0.041809582005953416	0.1013616199925309	0.23965386400232092
0.03991332800069358	0.043832530005602166	0.0819071550067747	0.2568566020054277
0.03991631499957293	0.03350157199020032	0.08198042199364863	0.24214094001217745
0.039952496998012066	0.039582347992109135	0.07606906500586774	0.25911394599825144
0.03993313499086071	0.06463263899786398	0.07374625900411047	0.23871527299343143
0.03990015300223604	0.015455436005140655	0.07882476199301891	0.25781173900759313
0.03991577999840956	0.04609443500521593	0.06464545900234953	0.2525727909960551
0.03992448300414253	0.03836407400376629	0.07049892700160854	0.24903328099753708
0.03991517900431063	0.04209395500947721	0.08707317100197542	0.2542353059980087
0.03991233500710223	0.030479659006232396	0.08432772599917371	0.2564108020014828
0.040068202011752874	0.04053216100146528	0.08245563799573574	0.23734306400001515
0.03976117201091256	0.040516831999411806	0.08099360601045191	0.24246245399990585
0.039919030998134986	0.04071560499141924	0.06919557400397025	0.23920527099107858
0.03991606101044454	0.045882082005846314	0.07907499501015991	0.24827730399556458
0.03991775499889627	0.04073995198996272	0.09277755398943555	0.2476864759955788
0.039921667994349264	0.03191878700454254	0.07682951400056481	0.24257035300252028
0.03998072200920433	0.04404853998858016	0.06736689299577847	0.23944765501073562
0.03985260300396476	0.03890627900545951	0.07369717799883801	0.25616098700265866
0.0399278319964651	0.034414317007758655	0.08911061199614778	0.2501118710060837
0.039910658000735566	0.0558354690001579	0.08760789099324029	0.26087086599727627
0.03992530899995472	0.032977894006762654	0.08482402400113642	0.2314996240020264
0.039913447995786555	0.03230128998984583	0.08991245499055367	0.2482393480022438
0.039909358994918875	0.04273849300807342	0.07695814600447193	0.2358765809913166
0.03990899400378112	0.04814077199262101	0.07519807000062428	0.22786111899768002
0.03992671899322886	0.0349321799876634	0.08449275000020862	0.24589590200048406
0.03991731999849435	0.03802179399644956	0.09220861800713465	0.24493081400578376
0.03991389600560069	0.04918985300173517	0.09512335600447841	0.23242986500554252
0.03993310699297581	0.030319184996187687	0.08850735198939219	0.23782677701092325
0.03988960701099131	0.03556963600567542	0.09095782099757344	0.2457072569959564
0.03993267999612726	0.03901761300221551	0.09316688599938061	0.23714338699937798
0.03991270301048644	0.03991277900058776	0.09092059200338554	0.23447298200335354
0.039925104996655136	0.044281359994784	0.07175012900552247	0.23228253499837592
0.0399235079967184	0.04504620499210432	0.07867321900266688	0.24689284899795894
0.03988818200014066	0.03044738300377503	0.08864651700423565	0.2481168689992046
0.03991663800843526	0.0398863199952757	0.09223065299738664	0.23707306399592198
0.04006465099519119	0.045830212999135256	0.07836000200768467	0.25824263200047426
0.03978128400922287	0.03401834800024517	0.07580794200475793	0.2502075340016745
0.03989259801164735	0.04616674900171347	0.06762639300723094	0.2470741589932004
0.03992256600758992	0.04099557599693071	0.08889127800648566	0.23207668100076262
0.03991086500172969	0.03278580500045791	0.07850380400486756	0.24830060500244144
0.03991803499229718	0.049841083004139364	0.07616059700376354	0.2317849329992896
0.0400324410002213	0.03737536400149111	0.0723896359995706	0.26396338699851185
0.039793980002286844	0.035269332001917064	0.08782897698984016	0.2423426199966343
0.039921540999785066	0.03695376899850089	0.09377147299528588	0.24523630100884475
0.03992107600788586	0.05278115200053435	0.06707784300670028	0.2451132550049806
0.03991602400492411	0.03131895500700921	0.08148149200133048	0.26143189500726294
0.03990331800014246	0.04367515299236402	0.0843717330135405	0.2498583810083801
0.03995247100829147	0.042688043002272025	0.07517650800582487	0.2414550789981149
0.03988215001299977	0.040854881997802295	0.07494014299300034	0.23887322199880145
0.04001642199000344	0.03533476000302471	0.07579565299965907	0.24831380299292505
0.039821238999138586	0.04482621600618586	0.064081061995239	0.24622172700765077
0.039942261995747685	0.03384483201080002	0.08825163199799135	0.2487484159937594
0.039890029991511256	0.04101470499881543	0.07349668399547227	0.2382363779906882
0.03992666199337691	0.037040444993181154	0.0734594189998461	0.25096275300893467
0.03995454599498771	0.054463808992295526	0.07775952099473216	0.23613244100124575
0.03989334999641869	0.02501843399659265	0.07998533900536131	0.24400568899000064
0.03993123599502724	0.04417854000348598	0.09872111200820655	0.24199668299115729
0.04000565300520975	0.031768333006766625	0.07518913099193014	0.24849543499294668
0.03988127699994948	0.059014665996073745	0.09494612000708003	0.24431974100298248
0.03983423901081551	0.03264361299807206	0.09016536400304176	0.25240016999305226
0.04001593400607817	0.04114005999872461	0.07315660899621435	0.23700968999764882
0.03990043299563695	0.03575062900199555	0.08478959299100097	0.23403480398701504
0.039908571998239495	0.03885438399447594	0.08701500500319526	0.24315856699831784
0.039874270994914696	0.03213777398923412	0.07546247799473349	0.2773926019872306
0.039914148990646936	0.04653740400681272	0.10608806100208312	0.24239009599841665
0.03992089499661233	0.03953674501099158	0.08222781900258269	0.2324492490006378
0.03988765900430735	0.045870624991948716	0.07289231498725712	0.22483576099330094
0.039992032005102374	0.03358560199558269	0.09800361399538815	0.2502538520056987
0.039929790000314824	0.037722623004810885	0.09796975899371319	0.22308430400153156
0.039935733992024325	0.04307520699512679	0.08075087500037625	0.23495014299987815
0.03990564600098878	0.0331298699893523	0.08656512899324298	0.23785149800824001
0.03983362099097576	0.04674420499941334	0.09987500800343696	0.23698455200064927
0.039999485001317225	0.03999788500368595	0.08214608200069051	0.22596999000234064
0.039887273000204004	0.03496708400780335	0.08905516899540089	0.26265484900795855
0.03993039100896567	0.04324912399169989	0.07108418000279926	0.24970512700383551
0.03992203899542801	0.04772963099821936	0.08674382499884814	0.23482636800326873
0.0399254160001874	0.028892170012113638	0.07014609700127039	0.2376168759947177
0.03994904698629398	0.04956188199867029	0.09992939099902287	0.23995536100119352
0.039916562993312255	0.04179972400015686	0.08220708699082024	0.24673786299536005
0.03992475400445983	0.03200453499448486	0.08829644200159237	0.24849440800608136
0.03984896700421814	0.04162909300066531	0.09204647201113403	0.24218375798955094
0.03994084999430925	0.04422113299369812	0.09972381399711594	0.2601556229928974
0.03991544600285124	0.03869966200727504	0.09609120299865026	0.23560018399439286
0.03988780399959069	0.0339054939977359	0.08527897800377104	0.24936401699960697
0.03987403499195352	0.03978949598968029	0.07795448500837665	0.24167834399850108
0.04005758400307968	0.056235930998809636	0.08397760200023185	0.23989784700097516
0.039811451992136426	0.024674500004039146	0.060908929008292034	0.24206154100829735
0.03991241499898024	0.04246299799706321	0.08509053800662514	0.23721855800249614
0.039894984001875855	0.04698513000039384	0.08223811599600594	0.2439048090018332
0.03993372900004033	0.027378260012483224	0.0764625619922299	0.2442714810022153
0.0399265219894005	0.04311525599041488	0.06242412800202146	0.24625702400226146
0.039960586989764124	0.04243892400700133	0.06698272700305097	0.24382870500267018
0.03985615099372808	0.031387398004881106	0.07745353999780491	0.23475445200165268
0.0398738299991237	0.04687774498597719	0.06940809800289571	0.24942364101298153
0.03991856999346055	0.04825211899878923	0.09720437999931164	0.2541251810034737
0.03997910000907723	0.03183802199782804	0.09161216999928001	0.24739246199897025
0.03995899899746291	0.04398969099565875	0.07826691400259733	0.2591522470029304
0.039812504008295946	0.02871121300267987	0.08412145399779547	0.2326227339945035
0.0399656780064106	0.04215884600125719	0.10470447099942248	0.2503118699969491
0.039950878999661654	0.044784587997128256	0.07546905300114304	0.24885999599064235
0.03986379499838222	0.04503945900069084	0.08140255400212482	0.2372931459976826
0.03993311799422372	0.031776506002643146	0.08190845900389832	0.2458866180095356
0.039974225001060404	0.03578232399013359	0.07612543000141159	0.2296905700059142
0.03986253699986264	0.048600060006720014	0.09279801599041093	0.22682807099772617
0.039914189008413814	0.03375857100763824	0.07641327699820977	0.2439435010019224
0.03994668599625584	0.045793123994371854	0.09166928500053473	0.2367653179971967
0.039916420995723456	0.036704622994875535	0.08440705799148418	0.22509223700035363
0.03990006599633489	0.04161923199717421	0.06896150400280021	0.27032191200123634
0.03991794500325341	0.03302416100632399	0.06804622198978905	0.24768950098950882
0.039905386001919396	0.04652352799894288	0.08749725099187344	0.24239915300859138
0.03996711199579295	0.045125026008463465	0.0931853000074625	0.259387465994223
0.0398701709927991	0.03749767898989376	0.08827581499645021	0.2267684590042336
0.03993376599100884	0.03522769200208131	0.05730088599375449	0.2516907179960981
0.039858930991613306	0.035857266004313715	0.0752438310009893	0.23537530400790274
0.03993941300723236	0.046360142005141824	0.08564231199852657	0.2272724259964889
0.039915072004077956	0.03788305500347633	0.07925591801176779	0.23014369800512213
0.03989429499779362	0.03769300899875816	0.06478716700803488	0.2437233649980044
0.039879831005237065	0.04318016300385352	0.07181281500379555	0.23856322299980093
0.04001859399431851	0.03377053199801594	0.09767119199386798	0.2635912690020632
0.03993132300092839	0.04603273699467536	0.0964064639993012	0.24740501699852757
0.039862420002464205	0.04396873099904042	0.08223856100812554	0.2366811239917297
0.03990677899855655	0.036638937002862804	0.09324591000040527	0.24271362699801102
0.03994956299720798	0.0482864710065769	0.09596180300286505	0.2431816099997377
0.03991646500071511	0.026475845006643794	0.06422651499451604	0.25509070200496353
0.03993810300016776	0.04043331400316674	0.0769185309909517	0.23317814100300893
0.0399116330081597	0.044914325000718236	0.07613892899826169	0.23702220499399118
0.03990837899618782	0.0366453799942974	0.07458207399758976	0.25155536500096787
0.0399358559952816	0.03579799199360423	0.08017179201124236	0.26157898899691645
0.039916620997246355	0.04772228699584957	0.06416606101265643	0.2519845370115945
0.03980727899761405	0.03211864200420678	0.09018592399661429	0.25295899200136773
0.040002374997129664	0.04444598199916072	0.07916232199931983	0.241376667006989
0.03990713400708046	0.04422264800814446	0.08589919700170867	0.23722007300239056
0.03995684000256006	0.03676508700300474	0.08123001801141072	0.25344505000975914
0.039919599003042094	0.03586312600236852	0.07370648300275207	0.24851173399656545
0.03984168700117152	0.050674471000093035	0.07808070100145414	0.2557877789949998
0.03998055100964848	0.03363182200700976	0.07845736300805584	0.23965957200562116
0.03987607799354009	0.04040999799326528	0.09496385499369353	0.24965861599775963
0.03991869000310544	0.033272047992795706	0.08462030999362469	0.24803953200171236
0.03988032900088001	0.047495648002950475	0.08133022498805076	0.24043746299867053
0.039943067997228354	0.0334124639921356	0.07778747699921951	0.2283697509992635
0.039932351995958015	0.0458323070051847	0.08160392299760133	0.24554207699839026
0.039904757009935565	0.041116951004369184	0.08922665899444837	0.2418462549976539
0.03991205799684394	0.04031330600264482	0.09596960799535736	0.20612975099356845
0.03997531899949536	0.03126384700590279	0.10720810700149741	0.23173408200091217
0.03985602399916388	0.04982294701039791	0.08151325699873269	0.24989438899501693
0.03992472399841063	0.03711310100334231	0.07729578600265086	0.2457487619976746
0.040025296999374405	0.03557345800800249	0.08709928899770603	0.23405160699621774
0.0398598299943842	0.05046742799459025	0.09326320698892232	0.223297206001007
0.03976104200410191	0.0334314330102643	0.09216632100287825	0.24794886900053825
0.03988060899428092	0.04158963898953516	0.08189714000036474	0.23223408999911044
0.03989792399806902	0.04257138300454244	0.07204357800947037	0.23914102900016587
0.039937925001140684	0.03045801400730852	0.09288798600027803	0.24681113800033927
0.03989203300443478	0.0420612930029165	0.06763843601220287	0.23980689799645916
0.03992298399680294	0.048760270001366735	0.06533268099883571	0.2284048480069032
0.03992698300862685	0.03387010301230475	0.09615974700136576	0.23423082000226714
0.03992411900253501	0.04753502800303977	0.06463770600385033	0.23276223600259982
0.040005672999541275	0.028595312993275	0.07393011599197052	0.25174122699536383
0.03990783399785869	0.04003136100072879	0.07393505900108721	0.23846097399655264
0.03983917899313383	0.04137110500596464	0.07377930999791715	0.24688520999916364
0.039937969006132334	0.03535714700410608	0.061904874004540034	0.2358024589921115
0.04003921599360183	0.03992758800450247	0.06795596999290865	0.2480081209942
0.03974571300204843	0.06147048699494917	0.06973776400263887	0.2492927540006349
0.04002841800684109	0.01883667299989611	0.0800142169900937	0.2404458329983754
0.039868681007646956	0.039390043006278574	0.09187079800176434	0.23667751600441989
0.039947303986991756	0.04015927799628116	0.09170053699926939	0.24116996800876223
0.039910656996653415	0.05265005800174549	0.08358684700215235	0.23598587900050916
0.039899972995044664	0.02691777299332898	0.06750826600182336	0.24853924200579058
0.03990958200301975	0.03989235099288635	0.07858455600216985	0.23698946200602222
0.039981513007660396	0.041101270995568484	0.0801898869976867	0.24381107299996074
0.039846185012720525	0.053175736000412144	0.0756360230006976	0.23166852298891172
0.039906371996039525	0.029789558990160003	0.08228519599651918	0.23412860999815166
0.039949041994987056	0.042005921990494244	0.08167325099930167	0.2455397159938002
0.03990697501285467	0.041299720003735274	0.09700363900628872	0.23075141200388316
0.0399111449951306	0.03634500199405011	0.07477642699086573	0.2412539039942203
0.03993310499936342	0.039842673009843566	0.09374647699587513	0.25160312200023327
0.03989735599316191	0.038622037987806834	0.09217170999909285	0.22360389000095893
0.03991247899830341	0.0461547739978414	0.059250576989143156	0.2630993859929731
0.03993654900114052	0.030779926004470326	0.08721108100144193	0.2392332909948891
0.0398975770076504	0.0405098060000455	0.0952246240049135	0.2255939720052993
0.039963169998372905	0.04500917399127502	0.09011293300136458	0.22790722199715674
0.03988377698988188	0.03869259600469377	0.08418291300768033	0.24587757900008
0.03990631700435188	0.035905005992390215	0.08825303900812287	0.24455184799444396
0.03992914799891878	0.04432928700407501	0.08269959299650509	0.24256831800448708
0.03992014701361768	0.03508554199652281	0.07174110400956124	0.23223633199813776
0.03992903800099157	0.03990254500240553	0.0880282510042889	0.24107716100115795
0.0399393730040174	0.04415758600225672	0.08668711299833376	0.2531332759972429
0.039879296004073694	0.05718405499646906	0.07791668199934065	0.24310547800268978
0.03995059701264836	0.01838222300284542	0.08675742699415423	0.23904019499605056
0.039882463999674655	0.052969607000704855	0.06971469799464103	0.24840633000712842
0.03992957901209593	0.044015407998813316	0.09320070200192276	0.24392755000735633
0.03991171000234317	0.022732995988917537	0.08362088800640777	0.2621872200106736
0.03991536900866777	0.04180896699836012	0.07207014699815772	0.24244792001263704
0.03991645100177266	0.043063284989329986	0.08348593499977142	0.24187969500781037
0.03995269398728851	0.04731779500434641	0.07953784200071823	0.23070168099366128
0.03990755400445778	0.03796846100885887	0.08410686899151187	0.23848727499716915
0.03993436699965969	0.055232288010302	0.06615308699838351	0.23060022298886906
0.03989519100286998	0.01704969900310971	0.0867884059989592	0.23816331799025647
0.03991276299348101	0.037765776010928676	0.10033747399575077	0.23279943400120828
0.03988758899504319	0.039183603003039025	0.09271949999674689	0.2530170030076988
0.03990840799815487	0.046888244003639556	0.09039063600357622	0.22659051600203384
0.03992427999037318	0.032951615008641966	0.07926304200373124	0.24319871699844953
0.03992538299644366	0.05932518500776496	0.10039317699556705	0.23931940000329632
0.03994260999024846	0.032759815992903896	0.08596628600207623	0.2451464269979624
0.0399097960034851	0.03493890899699181	0.08365040901117027	0.24380508200556505
0.03991741800564341	0.04568120501062367	0.07290686199849006	0.23230382599285804
0.039909316998091526	0.035302472999319434	0.09139994900033344	0.23098382199532352
0.0399238090030849	0.036103856007684954	0.07757312900503166	0.2428496240027016
0.03990799598977901	0.045289837988093495	0.09090456199191976	0.2348748560034437
0.03994647299987264	0.036251912999432534	0.06879093499446753	0.25888692699663807
0.039883732999442145	0.03527855699940119	0.08398219299851917	0.22630568100430537
0.04002229699108284	0.04321883500961121	0.09416699300345499	0.2462065809959313
0.039808240995625965	0.043360751995351166	0.08964781599934213	0.24145656100881752
0.039912876003654674	0.04169206600636244	0.08281150298716966	0.23905135499080643
0.03991838298679795	0.05037905198696535	0.06428086700907443	0.2545530880015576
0.03991934499936178	0.02482795099786017	0.06953150600020308	0.24991995700111147
0.03991318300541025	0.04001161499763839	0.08313177099626046	0.2298137420002604
0.039896232992759906	0.038945990992942825	0.08299364500271622	0.2514410459989449
0.03991226099606138	0.035014080989640206	0.06725371799257118	0.24127838600543328
0.0399874569993699	0.04849303800438065	0.06940104799286928	0.2268556390044978
0.03986114299914334	0.03479723600321449	0.07987529099045787	0.25159480699221604
0.03995637698972132	0.048930469012702815	0.07745940099994186	0.23249232801026665
0.03989559200999793	0.02715766899927985	0.07735151100496296	0.24881793800159357
0.03990969600272365	0.03992486798961181	0.08142021199455485	0.25175500998739153
0.03992341899720486	0.049288148002233356	0.09349826700054109	0.24417746400285978
0.03993285099568311	0.03283185100008268	0.0755481780070113	0.24283192100119777
0.039921470000990666	0.04537288499705028	0.07343175999994855	0.23780786999850534
0.039888226994662546	0.036387486004969105	0.08146803699492011	0.24083053399226628
0.03990674800297711	0.04098368500126526	0.08617108500038739	0.23823976900894195
0.03992756499792449	0.0352804439899046	0.08135248599865008	0.21627591500873677
0.03992150700651109	0.03937477299768943	0.08768947899807245	0.22830818399961572
0.039900646996102296	0.04306056900531985	0.09239381900988519	0.23908100699190982
0.03991440401296131	0.039401526999427006	0.09388456100714393	0.2243546239915304
0.03998255899932701	0.042854118000832386	0.07449262199224904	0.2306031230109511
0.03993338200962171	0.04310078801063355	0.07977340499928687	0.24736093099636491
0.03979713100125082	0.03919434499402996	0.07677636400330812	0.24324852200516034
0.039926855999510735	0.03187637899827678	0.08330021098663565	0.257261794002261
0.03990247400361113	0.052244352002162486	0.087378431999241	0.24109522899379954
0.039894794012070633	0.028089043000363745	0.07272374100284651	0.2352310749993194
0.039914500011946075	0.03942698199534789	0.07075768800859805	0.2520969859906472
0.03993060899665579	0.04467255400959402	0.09334660599415656	0.23744501698820386
0.039985796000109985	0.04818610900838394	0.0798308710072888	0.24777663800341543
0.03994241000327747	0.04825599100149702	0.08041947399033234	0.24460292200092226
0.039859009004430845	0.02919389599992428	0.08429130399599671	0.23682239100162406
0.03988582799502183	0.03578281200316269	0.08418045099824667	0.23018219899677206
0.03990730700024869	0.04514816099253949	0.07653106399811804	0.22702622000360861
0.040010829994571395	0.028140205002273433	0.09005355500266887	0.2405275420023827
0.03984391000994947	0.05981127999257296	0.07713747200614307	0.23486152599798515
0.03999341400049161	0.029529260005801916	0.09202951099723577	0.23883298700093292
0.039846265004598536	0.030389144012588076	0.0793842900020536	0.23857807699823752
0.039930254002683796	0.04516348699689843	0.08678431100270245	0.2439626249979483
0.0399252460047137	0.03833265299908817	0.0716788730060216	0.25825853999413084
0.039874689988209866	0.03625545599788893	0.07709519899799488	0.2408923019975191
0.039928436002810486	0.04666908900253475	0.09031986200716347	0.24747499500517733
0.03993770600936841	0.03602560299623292	0.10541772500437219	0.24713097499625292
0.03991912098717876	0.04005710700585041	0.08313551399623975	0.2526660650037229
0.03989558600005694	0.0533694150071824	0.09739314900070895	0.2372990339936223
0.039933959997142665	0.033067985001252964	0.09892718499759212	0.2608726259932155
0.03993850699043833	0.030347826002980582	0.08624604300712235	0.24205037999490742
0.039846711995778605	0.056523991996073164	0.09382762300083414	0.25660064500698354
0.03993531000742223	0.029906743991887197	0.0856619789992692	0.23132768599316478
0.04003638699941803	0.03946410301432479	0.08389969999552704	0.24269738201110158
0.03979824799171183	0.03377684000588488	0.09001545100181829	0.24339905999659095
0.039908204998937435	0.04879839801287744	0.093426580002415	0.2477195810060948
0.039903725002659485	0.03940209199208766	0.07435971299128141	0.24197386900777929
0.039928318990860134	0.037542983001912944	0.07267171100829728	0.2558106710057473
0.03992132699931972	0.040012933997786604	0.07435287600674201	0.24284365600033198
0.03990725000039674	0.04067591700004414	0.10000271500030067	0.23915136999858078
0.039913557993713766	0.04978338998625986	0.0814382919925265	0.23643223600811325
0.03990250499919057	0.023149037006078288	0.07221564899373334	0.22695988600025885
0.039983723996556364	0.039908998005557805	0.06838103399786633	0.2287582970020594
0.039893731009215117	0.04645524099760223	0.07917168700078037	0.24721152600250207
0.03992335499788169	0.03944634000072256	0.09534099099982996	0.23558148001029622
0.03991810900333803	0.04005948700068984	0.0848006849992089	0.22966636299679521
0.03988098699483089	0.035095159997581504	0.07052039600966964	0.2557126410101773
0.03996047200052999	0.04440441699989606	0.08792140299919993	0.24280065500352066
0.03991650100215338	0.04459545700228773	0.07641099199827295	0.2450268320098985
0.03990423900540918	0.03381226499914192	0.07688568200683221	0.25791059900075197
0.03972449999128003	0.039084115996956825	0.09330302599119022	0.21889031599857844
0.04002379300072789	0.03899501399428118	0.08888098200259265	0.23595916900376324
0.03963298100279644	0.04288509899924975	0.08083973200700711	0.2579800169914961
0.03994332600268535	0.03411966499697883	0.10476488400308881	0.23261680400173645
0.03987831700942479	0.045177559994044714	0.08276191900949925	0.2379741579934489
0.03993446099048015	0.044012895988998935	0.0701476999965962	0.23644997300289106
0.03991066399612464	0.034490893987822346	0.08883596801024396	0.2301191909937188
0.0399091809958918	0.049059866010793485	0.07315808099519927	0.2560439359949669
0.039945126001839526	0.026840826001716778	0.09619023300183471	0.24442179399193265
0.03987891599535942	0.060637968010269105	0.0828276180109242	0.24518338599591516
0.039915048007969745	0.025286314004915766	0.07591913899523206	0.23123022000072524
0.03990937699563801	0.03377398999873549	0.07754158700117841	0.22949288800009526
0.03993705399625469	0.04667971099843271	0.08696202600549441	0.23569021599541884
0.03990478700143285	0.04825541299942415	0.07723890600027516	0.24304592699627392
0.03990217100363225	0.03377910199924372	0.07553423599165399	0.25008434799383394
0.039927503996295854	0.03881923700100742	0.080056273000082	0.23601280699949712
0.0399418449960649	0.046422232990153134	0.0827827399916714	0.2357631819904782
0.03987729499931447	0.02785933499399107	0.09277710999595001	0.24727144499775022
0.03993762799655087	0.04588420400978066	0.08740286399552133	0.2384041379991686
0.03993602500122506	0.045815852005034685	0.08863988899975084	0.26068848501017783
0.03981685401231516	0.036576889993739314	0.09983292198739946	0.23318491999816615
0.039963100003660657	0.03320418500516098	0.08673770300811157	0.2480674300022656
0.039893513996503316	0.04562699899543077	0.06967810398782603	0.23466448199178558
0.039925593009684235	0.03131085199129302	0.08251667799777351	0.25394303500070237
0.03988247099914588	0.04306692100362852	0.07978958000603598	0.24499362701317295
0.03992637700866908	0.03916509498958476	0.06979383899306413	0.2342479130020365
0.03991368100105319	0.03694332399754785	0.08844852600304876	0.23672452798928134
0.03998709599545691	0.039347597004962154	0.0762920630077133	0.24522718599473592
0.03995065300841816	0.03986647300189361	0.06256442799349315	0.24873997599934228
0.039919061004184186	0.03987440900527872	0.09755603699886706	0.26408457300567534
0.03989047599316109	0.0486914069915656	0.08587494899984449	0.23384136099775787
0.03992447099881247	0.031180375997791998	0.08069140701263677	0.2410604579927167
0.03989405800530221	0.053928242006804794	0.07745502699981444	0.23984248600027058
0.03995513299014419	0.02862119799829088	0.07130295698880218	0.23610991598980036
0.03991555600077845	0.04571272600151133	0.08084549699560739	0.26399237000441644
0.0399024150101468	0.03641861700452864	0.08324314998753835	0.2496399259980535
0.0399511339928722	0.049585411994485185	0.07194598500791471	0.23704552100389265
0.03994153100939002	0.025611481003579684	0.07563878600194585	0.23570572900644038
0.03991299000335857	0.03954119500122033	0.07541299199510831	0.24228112401033286
0.03988046199083328	0.05073933399398811	0.08945475099608302	0.2385260299924994
0.039944336996995844	0.030966506994445808	0.08476098399842158	0.2491978019970702
0.039934405009262264	0.04560051999578718	0.08241200400516391	0.2355059809924569
0.039830058987718076	0.04188679599610623	0.0738550270034466	0.2379421219957294
0.039931781007908285	0.030811802003881894	0.0699758780101547	0.2583290660113562
0.039875217000371777	0.04619433199695777	0.09447939600795507	0.2348221859865589
0.03993649300537072	0.033178575002239086	0.0929990330041619	0.24212619800528046
0.039921657007653266	0.04199315799633041	0.060413360988604836	0.2418508999980986
0.03991568599303719	0.03784235399507452	0.08515301199804526	0.2280474480066914
0.03985314800229389	0.04681356299261097	0.09399475398822688	0.24716903500666376
0.03991939499974251	0.03338156400423031	0.07897794699238148	0.24125239699787926
0.0399681800045073	0.04300428199348971	0.06484678300330415	0.23332258099981118
0.03992091199324932	0.04261900301207788	0.08274627299397253	0.21459472599963192
0.03989337300299667	0.04098830900329631	0.08105957201041747	0.2527544729964575
0.039941588998772204	0.05085694800072815	0.07414464199973736	0.252357094999752
0.0399138619977748	0.024762453002040274	0.08628737599065062	0.24980967899318784
0.03993577700748574	0.049353369991877116	0.07865605199185666	0.24371604098996613
0.03988388100697193	0.041901134987710975	0.08381739100150298	0.25423307399614714
0.03996972199820448	0.02807696799573023	0.09123014399665408	0.25074185500852764
0.03991723099898081	0.04882677900604904	0.07430952400318347	0.25378277199342847
0.03992057198775001	0.034920200996566564	0.08599664400389884	0.2554290999978548
0.0398817980021704	0.04433630799758248	0.0957749539957149	0.23425797099480405
0.03993692000221927	0.029504338002880104	0.06853283199598081	0.25111171099706553
0.03988746499817353	0.0432169870036887	0.09678364999126643	0.2511133820080431
0.03987875299935695	0.04038598999613896	0.09399641300842632	0.24879202600277495
0.039924396987771615	0.03631905699148774	0.08787840401055291	0.24937543299165554
0.03995591899729334	0.03921680399798788	0.10444175700831693	0.22915761401236523
0.039895987007184885	0.052049887002795	0.07998513599159196	0.2550424989894964
0.03988916700473055	0.03310314900591038	0.07338900200556964	0.22969177100458182
0.039937527995789424	0.04398957399826031	0.07713857399357948	0.25340257000061683
0.03990789799718186	0.034805699993739836	0.07979957100178581	0.23536119000345934
0.03995874799147714	0.04850075700960588	0.08086130500305444	0.2573763889959082
0.039854126996942796	0.03341812400321942	0.0797244290006347	0.23663861000386532
0.0735616489982931	0.06712370499735698	0.09936359598941635	0.22462880800594576
0.039897470007417724	0.03990509099094197	0.0823123209993355	0.22214494198851753
0.03995564501383342	0.039921180010423996	0.07596021700010169	0.2518630510021467
0.039893958004540764	0.039914647000841796	0.09791727100673597	0.24075148600968532
0.0399191710021114	0.03992004400060978	0.0721621320117265	0.2430709839973133
0.039898693008581176	0.03993137599900365	0.08983022400934715	0.2400667420006357
0.0399294259987073	0.03991631499957293	0.06596330700267572	0.25601546399411745
0.039926020996063016	0.03993386699585244	0.08549082899116911	0.24327516999619547
0.0399030800035689	0.039895957001135685	0.08447463900665753	0.21775285400508437
0.03991572299855761	0.03991186099301558	0.09344883900485002	0.24271197699999902
0.03990933200111613	0.039928564001456834	0.0832378439954482	0.24115752799843904
0.03991193399997428	0.03993556300702039	0.08179589299834333	0.24824357900070027
0.039921523988596164	0.03989287900913041	0.08288139398791827	0.2568413300032262
0.03991245799988974	0.039914804001455195	0.07919374399352819	0.23159738699905574
0.03991686599329114	0.039919878996443	0.10507726798823569	0.2402150850102771
0.039915127999847755	0.03990301300655119	0.06283021300623659	0.24518183099280577
0.03991205699276179	0.039921472998685203	0.08351279099588282	0.2512978269951418
0.03987283699098043	0.03992476699932013	0.0859648290061159	0.24292955700366292
0.03994037500524428	0.03990954899927601	0.09747864800738171	0.24110504498821683
0.03989643701061141	0.039909163999254815	0.09081151000282262	0.24910533700312953
0.03991940499690827	0.039932129002409056	0.06901016100891866	0.23760038299951702
0.03993862500647083	0.03993055100727361	0.06904120100080036	0.2575079509988427
0.03991818199574482	0.03989612599252723	0.07609596000111196	0.2594958170084283
0.039914009990752675	0.039788962007150985	0.08304280998709146	0.24856205099786166
0.03991727699758485	0.04003278499294538	0.07531157199991867	0.2501190909970319
0.03991415900236461	0.03991454000060912	0.08243926501017995	0.2533553980028955
0.0399085460085189	0.03993223299039528	0.08973682500072755	0.2302367459924426
0.03996424899378326	0.03991467799642123	0.058848476997809485	0.2361454119964037
0.0399065499950666	0.03990209099720232	0.08875283299130388	0.2327653460088186
0.039912041000206955	0.039923926000483334	0.07771937199868262	0.2548918559914455
0.039917891001095995	0.03994300799968187	0.08598081700620241	0.24090181800420396
0.03989639399514999	0.03990126198914368	0.08507527101028245	0.2536086259933654
0.03996111499145627	0.039930282000568695	0.08864913700381294	0.25288649299182
0.03989957099838648	0.039915027999086305	0.07754063399625011	0.2353278969967505
0.039909762010211125	0.03992116899462417	0.08868250800878741	0.23426990599546116
0.03990516500198282	0.039898424001876265	0.07758395299606491	0.23869122899486683
0.03992154299339745	0.0399186269933125	0.0952553520037327	0.24518194899428636
0.03991520901035983	0.039921938005136326	0.09893913699488621	0.25356305101013277
0.039913692002301104	0.03991304100782145	0.10309954299009405	0.24980008600687142
0.03992401600407902	0.039918683003634214	0.07380962900060695	0.2329400229937164
0.03991210801177658	0.039914156004670076	0.06913557399821002	0.23892888300179038
0.039924994998727925	0.039894546003779396	0.07703306000621524	0.25057837000349537
0.039910366002004594	0.03992996001034044	0.09016257399343885	0.23727388700353913
0.03991115899407305	0.03992901799210813	0.08261058198695537	0.24851686200418044
0.03991726000094786	0.039901054988149554	0.07372822098841425	0.2508707469969522
0.03991510400373954	0.03992540900071617	0.07257512099749874	0.225359160991502
0.03992565399676096	0.03991349101124797	0.0832605239993427	0.24113051900349092
0.03989502100739628	0.03991617799329106	0.08238035799877252	0.2656948859948898
0.03991919099644292	0.0398936169949593	0.08897457800048869	0.23828665500332136
0.03987688399502076	0.039943853989825584	0.08426735000102781	0.2447251659905305
0.03993190100300126	0.03992690300219692	0.07987554700230248	0.24504639398946892
0.03993184398859739	0.03981308599759359	0.07004589500138536	0.24524289699911606
0.03995692799799144	0.03996897899196483	0.08461108199844602	0.25771223699848633
0.03992338798707351	0.03993020800407976	0.08599788699939381	0.24142610099806916
0.03987637699174229	0.03989930899115279	0.07148592799785547	0.25964687899977434
0.03992135600128677	0.03999185100838076	0.08305555699917022	0.24140980800439138
0.03992869099602103	0.03991547299665399	0.09053668999695219	0.23439778800820932
0.03992235600890126	0.03993018000619486	0.057012446006410755	0.23115169200173113
0.03993817701120861	0.03989546799857635	0.061139546989579685	0.246129059989471
0.03986435499973595	0.039924657001392916	0.08708979400398675	0.2696755990036763
0.039920507988426834	0.039914182998472825	0.06886506899900269	0.22948229599569459
0.03990847599925473	0.03991634800331667	0.08196224299899768	0.2453641749889357
0.03992516899597831	0.03991635800048243	0.0802056250104215	0.24043462400732096
0.03992302100232337	0.039913390995934606	0.0920736800035229	0.23311185599595774
0.03991448700253386	0.039961351998499595	0.09919480800454039	0.24820022701169364
0.03987611801130697	0.0398619680054253	0.06990389199927449	0.2448441190063022
0.039950892998604104	0.039888270999654196	0.06913054898905102	0.23541019701224286
0.0398660319915507	0.03996534500038251	0.07946858799550682	0.24762590500176884
0.03998190299898852	0.039929172009578906	0.06491415998607408	0.23984080899390392
0.03989852199447341	0.039891138003440574	0.08053960600227583	0.21559956300188787
0.03991467600280885	0.03992659300274681	0.08765665700775571	0.24556352601211984
0.039917581001645885	0.03990900500502903	0.08298280798771884	0.24779795299400575
0.039909489001729526	0.03991591700469144	0.08003248099703342	0.2293841339997016
0.039851466004620306	0.03991436700744089	0.08199274400249124	0.24728550200234167
0.03996207000454888	0.03988388100697193	0.09539413299353328	0.24003777699545026
0.03990755999984685	0.03994223999325186	0.08181928099656943	0.23550856400106568
0.03989739601092879	0.039911326006404124	0.09699150099186227	0.23652974200376775
0.03987672099901829	0.039918978000059724	0.07097744899510872	0.23379832199134398
0.040005586997722276	0.03993830799299758	0.0876170639967313	0.24694629899749998
0.03989964500942733	0.039873412999440916	0.08491797000169754	0.25502335900091566
0.03992236299382057	0.039948694000486284	0.08419997000601143	0.24376397400919814
0.03992021799786016	0.03991837899957318	0.08833460899768397	0.23791304898622911
0.03991125199536327	0.0400350440031616	0.07523458301147912	0.24899277099757455
0.039942743998835795	0.03971261299739126	0.0879260210058419	0.23141932299768087
0.039883400007965975	0.0399916840106016	0.08327669599384535	0.23913611700118054
0.03990678599802777	0.03990510699804872	0.07188819099974353	0.2376860160002252
0.03992154001025483	0.039881960008642636	0.0898509670078056	0.2446481630031485
0.03992328199092299	0.039950145001057535	0.09259828100039158	0.23617883799306583
0.03992172400467098	0.039904215998831205	0.0740765099908458	0.23713148800015915
0.03992847999325022	0.039925189994391985	0.052071899990551174	0.23240840100334026
0.03987402000348084	0.03991624800255522	0.07415219899849035	0.24843303300440311
0.039936922999913804	0.03989702899707481	0.09129601200402249	0.2526613279915182
0.039908008999191225	0.03993576200446114	0.09326577400497627	0.23287065399927087
0.03993020699999761	0.03987916999903973	0.08401710199541412	0.22447948899935
0.039910192994284444	0.03990947800048161	0.07905614598712418	0.23852595400239807
0.03991227500955574	0.039938133995747194	0.08787141100037843	0.24583874900417868
0.03991808000137098	0.039987166004721075	0.0951194730005227	0.2333797369938111
0.039930280996486545	0.03989837299741339	0.07137286200304516	0.23767918199882843
0.03991846600547433	0.03974484300124459	0.07478455199452583	0.2387093459983589
0.03989922000619117	0.04009340199991129	0.08138971700100228	0.2330118429963477
0.03990977900684811	0.03991076101374347	0.0871933289890876	0.23714377099531703
0.039924980999785475	0.03992391900101211	0.07893810298992321	0.2536712339933729
0.039947792000020854	0.039907402999233454	0.076087766996352	0.2456837220088346
0.03992659199866466	0.03991198699804954	0.10261037999589462	0.24098126700846478
0.03988747599942144	0.03990859299665317	0.07615028500731569	0.2493433530034963
0.039872677996754646	0.03995239100186154	0.08235945500200614	0.23691150599916
0.03997747600078583	0.039807302004192024	0.07894094199582469	0.25146534701343626
0.03990046000399161	0.03999540299992077	0.09259668001323007	0.24112277899985202
0.03993143400293775	0.03993666199676227	0.07105159900675062	0.2593199459952302
0.03985368899884634	0.03999940199719276	0.08947055599128362	0.2528165060066385
0.03996007599926088	0.03970858400862198	0.07611796401033644	0.22264737499062903
0.03992222899978515	0.03991115899407305	0.07325909400242381	0.2461471389979124
0.03992201099754311	0.03990549499576446	0.06331738099106587	0.24518381401139777
0.03991946099267807	0.03990696200344246	0.07656288999714889	0.23903710200102068
0.03992084199853707	0.03993005100346636	0.08798047401069198	0.2168200799933402
0.03990533899923321	0.03990324700134806	0.07186719099991024	0.25275665801018476
0.03986089301179163	0.039914751003379934	0.07735369299189188	0.24367328299558721
0.039898294999147765	0.03992918800213374	0.08466735099500511	0.2635619759967085
0.039976403990294784	0.039903199998661876	0.0775436840049224	0.24407419199997094
0.03990605000581127	0.03990751100354828	0.08598496700869873	0.24167302700516302
0.039891970009193756	0.03993237599206623	0.08220339400577359	0.23974148200068157
0.0399323559977347	0.03992153699800838	0.08329249999951571	0.2415274950035382
0.03991556899563875	0.03985305500100367	0.08813565000309609	0.2582202040066477
0.03993302698654588	0.03986734499630984	0.07638407799822744	0.25883423099003267
0.03989725900464691	0.03994439799862448	0.08111348099191673	0.246143423995818
0.039919130998896435	0.03990014900045935	0.08278635700116865	0.22379775300214533
0.03991436699288897	0.03992802900029346	0.07992627199564595	0.24063397700956557
0.03994916699593887	0.039848275991971605	0.09585699999297503	0.22916976899432484
0.039925980992848054	0.04000402000383474	0.0628600979980547	0.24337801100045908
0.03989780000119936	0.039914492997922935	0.09999589499784634	0.2562249249895103
0.03986812400398776	0.03993226200691424	0.08100001999991946	0.23817145799694117
0.03996142798860092	0.03991546601173468	0.07183410901052412	0.25141441299638245
0.039930469007231295	0.039906604011775926	0.0760728309978731	0.23193404400080908
0.03993087500566617	0.03992298399680294	0.09406262100674212	0.23637101000349503
0.03988918299728539	0.03991842700634152	0.08539402000315022	0.2340956499974709
0.03991139298886992	0.03990047400293406	0.08439553900097962	0.22303468600148335
0.0398199420014862	0.039866372011601925	0.07330017701315228	0.22778777799976524
0.0400137490069028	0.03996089700376615	0.07523234399559442	0.24360154799069278
0.039918922004289925	0.039913057000376284	0.08579113899031654	0.24612428499676753
0.039905472003738396	0.03992361799464561	0.08202570599678438	0.24856348599132616
0.03991890400357079	0.03990338000585325	0.06460354800219648	0.22923257198999636
0.03991239800234325	0.03988791099982336	0.08264427298854571	0.2326170909946086
0.03990869299741462	0.03995175899763126	0.07092507899506018	0.2316710180020891
0.03992859699064866	0.03990098199574277	0.08644710200314876	0.24368469399632886
0.039877502000308596	0.039920626004459336	0.06445624199113809	0.23273935400357004
0.03995295199274551	0.03991213900735602	0.08291540600475855	0.23930737699265592
0.03989968099631369	0.039914480003062636	0.09418745200673584	0.25432737098890357
0.039882309996755794	0.039909712999360636	0.09039019201009069	0.25593180500436574
0.03995939699234441	0.03985967001062818	0.07634119999420363	0.2436068829993019
0.039913701999466866	0.03996051898866426	0.09342772299714852	0.2559701729915105
0.039919051007018425	0.03992938499141019	0.09174549400631804	0.24337551099597476
0.039918373004184105	0.039954860010766424	0.06847016600659117	0.24800070199125912
0.03995381999993697	0.03983968499233015	0.08594060500035994	0.24100065999664366
0.03990249200433027	0.03991489800682757	0.07552810400375165	0.26561210901127197
0.03992066100181546	0.03992549399845302	0.06566510800621472	0.25504745201033074
0.03990507799608167	0.039938396992511116	0.06896767199214082	0.2352941959979944
0.039928774000145495	0.039903615004732274	0.0773340269952314	0.24821705700014718
0.03991649499221239	0.03993581699614879	0.07595195299654733	0.23163487399870064
0.03986441499728244	0.03989967200323008	0.08822779900219757	0.23024978399917018
0.03996132798783947	0.03991683899948839	0.05435590799606871	0.24403981199429836
0.03992021699377801	0.03991049699834548	0.07051077499636449	0.23721779399784282
0.03990996199718211	0.03991488699102774	0.07399638899369165	0.24195206799777225
0.03992169399862178	0.039897977010696195	0.08090080399415456	0.2290051120071439
0.03988814400509	0.03994283099018503	0.0918473380006617	0.24330623800051399
0.039947468001628295	0.03989791699859779	0.09364249299687799	0.23479795100865886
0.03992010100046173	0.039920940005686134	0.07608055000309832	0.23776679500588216
0.03989407600602135	0.03991643100744113	0.07945477799512446	0.22536298701015767
0.039915040993946604	0.039910166000481695	0.09624590800376609	0.24848258499696385
0.03994317499746103	0.039919652001117356	0.06186729299952276	0.2340813979972154
0.03989597600593697	0.03989851800724864	0.08069715701276436	0.21368086800794117
0.03991814200708177	0.039942953997524455	0.08235177700407803	0.24386761400091927
0.039910858002258465	0.039904784003738314	0.0776963579992298	0.24756057299964596
0.03989422800077591	0.039923437987454236	0.07426646900421474	0.25526099900889676
0.03995392700016964	0.03991140000289306	0.08876727698952891	0.24953847700089682
0.03990139899542555	0.039920225011883304	0.08292934000201058	0.24751328300044406
0.039850771005149	0.03988753599696793	0.0692132859985577	0.26288344999193214
0.03995761300029699	0.0399620060052257	0.10072975700313691	0.2417864449962508
0.03995160599879455	0.03987188600876834	0.07551895099459216	0.25314051999885123
0.03993313500541262	0.03993429399270099	0.08380614800262265	0.24783292699430604
0.039917004003655165	0.03991607499483507	0.09204481799679343	0.25738681700022426
0.03990808199159801	0.03981539199594408	0.07164306900813244	0.24320929301029537
0.03991719700570684	0.04003320600895677	0.08672837800986599	0.2504246499884175
0.03992431600636337	0.03992730400932487	0.07947647300898097	0.23779451500740834
0.03992421999282669	0.039907434009364806	0.08459816699905787	0.24437002099875826
0.03990331100067124	0.039915241999551654	0.07604256800550502	0.24283983299392276
0.03992103200289421	0.0399174909980502	0.0786759600014193	0.22668910400534514
0.03989834799722303	0.039910168008645996	0.0723756660008803	0.2443662400037283
